1,1,28120312,2284918563.106182
2,28120313,34791377,2800646296.7154636
3,34791378,44440016,3731489430.6670494
4,44440017,62393316,5295731614.621726
5,62393317,81658349,4473024940.029611
6,81658350,87793938,4993489244.506932
7,87793939,119485351,5451932354.12239
8,119485352,174640993,5886040781.876743
9,174640994,194600417,5362629436.311359
10,194600418,208696947,4507605191.993647
11,208696948,274872957,4202439164.1743073
12,274872958,386441282,3773597871.4555693
13,386441283,390893008,3033786669.9709697
14,390893009,394958887,2210500473.575586
15,394958888,397749525,1687753958.115024
16,397749526,447939875,1347881697.4017699
17,447939876,461164316,1119478430.14293
18,461164317,490309475,1331445364.0381682
19,490309476,500808906,1535103856.6368647
20,500808907,511852796,1937920157.8080764
21,511852797,529043842,2893694162.3760185
22,529043843,542512400,4233615504.8235765
23,542512401,549985847,4736319568.769878
24,549985848,1265826488,4911469731.05938
25,1265826489,1270476968,4174846902.7274528
26,1270476969,1273856254,3490812138.2275767
27,1273856255,1278101843,2803556621.3096113
28,1278101844,1281593106,2138539847.476913
29,1281593107,1316612469,1794695302.3020706
30,1316612470,1323771496,2086800879.7464263
31,1323771497,1331875237,2590088631.829925
32,1331875238,1343796425,3141027413.424344
33,1343796426,1356197732,4022627155.0317273
34,1356197733,1366330939,4799754543.375906
35,1366330940,2009748717,4974615472.288585
36,2009748718,2014195098,4497324365.961238
37,2014195099,2017504863,3250652868.441591
38,2017504864,2020830631,3043494227.842908
39,2020830632,2024404225,2367287273.2497077
40,2024404226,2057588148,1527245304.9064248
41,2057588149,2057618141,1315972288.4729064
