1,1,26251632,2301990116.320383
2,26251633,33983114,2725877463.932616
3,33983115,41764805,3403515015.277046
4,41764806,61109039,5383542251.197876
5,61109040,81411104,4442304312.273179
6,81411105,91961704,5133167918.562861
7,91961705,107420923,5568957321.3522625
8,107420924,175865389,6503782117.321048
9,175865390,195406356,5409881846.09481
10,195406357,207065658,4730314758.291257
11,207065659,265960614,4257014088.514014
12,265960615,326589527,4084885257.612816
13,326589528,387925269,3721120605.9438586
14,387925270,395928757,2775012428.208315
15,395928758,401884851,2033643762.0523262
16,401884852,447882102,1745829341.2945497
17,447882103,462697892,1390994300.1463256
18,462697893,503594918,1514974960.9627557
19,503594919,520711155,2454199681.827611
20,520711156,529868713,3517188343.4042745
21,529868714,544939655,4028102783.9340277
22,544939656,808434099,4628160349.20697
23,808434100,1266573650,4768409227.412675
24,1266573651,1272140580,3991245742.672183
25,1272140581,1276223725,3230063575.3806486
26,1276223726,1278868116,2719663063.5844507
27,1278868117,1281373528,2223599607.842004
28,1281373529,1318621616,1832480195.729124
29,1318621617,1326363694,2206932097.4069867
30,1326363695,1335795673,2785130846.187957
31,1335795674,1356918305,3811539272.465307
32,1356918306,1371750735,5024018241.051358
33,1371750736,1618669112,5989009261.435863
34,1618669113,1807069196,5874209130.330598
35,1807069197,2008419216,5691546105.357776
36,2008419217,2013182665,4932790041.19676
37,2013182666,2016853633,4179813754.6467423
38,2016853634,2020998761,3190070016.09132
39,2020998762,2025847577,2198816579.0950236
40,2025847578,2057147429,1854787398.8862286
41,2057147430,2057529933,1251570472.0928633
