1,1,26180362,2295686370.9593043
2,26180363,30138827,2612847677.0052776
3,30138828,38064744,3016925965.654591
4,38064745,61619202,5319314208.219661
5,61619203,79610699,4559764785.087421
6,79610700,88113897,5046358423.706102
7,88113898,125749576,5865462975.074772
8,125749577,172662149,6573797952.255977
9,172662150,189184694,5732784610.598811
10,189184695,202425969,5003449727.401823
11,202425970,208572329,4664044488.375998
12,208572330,286847913,4235282437.6816187
13,286847914,386426970,3906103232.1919265
14,386426971,392220846,3017577597.5242643
15,392220847,397908617,2288660767.686107
16,397908618,400824318,1876868431.4814198
17,400824319,447919417,1546997677.679903
18,447919418,463522458,1344672574.0262108
19,463522459,499121201,1545832398.7805724
20,499121202,508474885,1995504951.8699605
21,508474886,518476067,2630747985.896856
22,518476068,545483637,4067922160.5863867
23,545483638,834468619,5111882307.263432
24,834468620,1265636066,5112813402.069382
25,1265636067,1268973297,4555581174.936173
26,1268973298,1273448839,3765187473.580425
27,1273448840,1277456394,3112716964.664785
28,1277456395,1318420456,1828541105.3770902
29,1318420457,1340311350,2707161771.9863167
30,1340311351,1356001429,3844283447.124196
31,1356001430,1365870686,4785980351.874793
32,1365870687,1373245624,5562774078.028989
33,1373245625,1611459310,6053351159.625211
34,1611459311,1782442747,6069257630.837054
35,1782442748,2009087515,5647365714.773714
36,2009087516,2013453620,4767554599.227832
37,2013453621,2018404463,3855169608.5616584
38,2018404464,2021357891,3191891345.3454366
39,2021357892,2025887475,2287348566.905651
40,2025887476,2057524286,1778141749.3998795
41,2057524287,2057528828,1274854178.330661
