1,1,5529044,27759708.15772838
2,5529045,22123483,1649453763.3553846
3,22123484,26100409,2175358731.5113044
4,26100410,35737489,2587691516.3281183
5,35737490,62868844,3135993323.2533712
6,62868845,109553355,3530697994.6479845
7,109553356,140407479,3352306173.0896816
8,140407480,275104368,3107442572.577797
9,275104369,302722346,3383987348.8638334
10,302722347,414799670,3187107230.0134263
11,414799671,452111900,3840651520.1243153
12,452111901,516896839,3643668584.4344754
13,516896840,676258219,3670502438.807369
14,676258220,710279249,3923279753.478292
15,710279250,732957410,3613396033.100968
16,732957411,773334931,3822622388.512845
17,773334932,848983073,3579624092.335576
18,848983074,921554028,3373784986.172124
19,921554029,946154450,3977396122.942132
20,946154451,968112219,3635412929.3446217
21,968112220,1022007755,3535402083.962036
22,1022007756,1105747610,3620321536.616416
23,1105747611,1141497153,3887968284.2751527
24,1141497154,1164609772,3286961373.87012
25,1164609773,1204398285,3902020898.706565
26,1204398286,1282800198,3618406367.946336
27,1282800199,1381058206,3715962114.535448
28,1381058207,1551745945,3207240479.38303
29,1551745946,1594943429,3092747305.1095743
30,1594943430,1732254219,3357251361.102752
31,1732254220,1749902340,3237364342.2454867
32,1749902341,1795182855,3024138663.8407965
33,1795182856,1819646182,3706697511.9125047
34,1819646183,1927863553,3619275170.143393
35,1927863554,1967096788,3294765191.180417
36,1967096789,2152629470,3459131444.838217
37,2152629471,2153595518,2776441621.660364
38,2153595519,2153975775,2292069291.24054
39,2153975776,2154540240,1816366577.608243
40,2154540241,2154728288,1295702070.7638884
41,2154728289,2154929159,554501914.5093459
