1,1,26771521,2292931947.372062
2,26771522,33127415,2687959534.3484263
3,33127416,44345073,3299935959.703845
4,44345074,62636137,5389859941.455519
5,62636138,84426202,4630340655.2842455
6,84426203,89626363,5103398761.818109
7,89626364,124742411,5595582087.140846
8,124742412,176552240,6465327630.623445
9,176552241,197388817,5313977557.822373
10,197388818,210017206,4610788345.44482
11,210017207,285960155,4252838767.484261
12,285960156,388657777,3708706806.780059
13,388657778,397365163,2872400316.4898534
14,397365164,403517224,2247917489.460516
15,403517225,448008163,1798074085.5911803
16,448008164,464220442,1379477342.7400415
17,464220443,499457568,1534865734.6002696
18,499457569,510140663,2120271889.7792692
19,510140664,525463713,3189999699.768387
20,525463714,538885441,3931519432.1247325
21,538885442,551529990,4699011614.391432
22,551529991,818897327,5485468150.059834
23,818897328,989203403,5480247190.135373
24,989203404,1265263106,5189522254.9378195
25,1265263107,1270657382,4377128133.028173
26,1270657383,1276290777,3433117773.8391757
27,1276290778,1281655334,2619798933.195451
28,1281655335,1319078547,1877360284.7901306
29,1319078548,1328293361,2338628439.5047708
30,1328293362,1340670353,3038620625.0246577
31,1340670354,1356333895,3911825763.2435308
32,1356333896,1371981640,5076819238.613759
33,1371981641,1803745212,6115349526.994201
34,1803745213,2011730935,5979276860.356283
35,2011730936,2017395855,5329034540.277223
36,2017395856,2023299507,4523844631.004598
37,2023299508,2027276704,3813550456.1490197
38,2027276705,2031706697,3051096428.0914865
39,2031706698,2038628312,2378492527.583329
40,2038628313,2057440449,1989003437.5124698
41,2057440450,2057471857,1309543257.7869303
