1,1,2170351,27752576.277637094
2,2170352,7458108,391462051.08537054
3,7458109,21352893,1521171905.3970554
4,21352894,25403176,2093031685.0592644
5,25403177,29283478,2476526524.1520977
6,29283479,37522165,2829717427.267528
7,37522166,64258310,3122508187.3318872
8,64258311,101680210,3540377964.50696
9,101680211,140406753,3366490566.6775994
10,140406754,278378700,2696620668.845267
11,278378701,302280718,3354817056.3776984
12,302280719,410250619,2829820536.0672555
13,410250620,426227235,3353405879.1225543
14,426227236,450960228,3884942714.032727
15,450960229,520455217,3464097089.02977
16,520455218,561505506,3929244865.607212
17,561505507,675606295,3761149287.0691566
18,675606296,702647757,3996252099.4872847
19,702647758,802608032,3630222650.709287
20,802608033,854318154,3535340167.1013627
21,854318155,938851421,3812414191.251504
22,938851422,968788600,3764938453.269831
23,968788601,1008421133,3591665296.6237125
24,1008421134,1104994640,3617045567.104142
25,1104994641,1134117915,3922879728.234819
26,1134117916,1163722599,3768796965.93133
27,1163722600,1205488079,3878728228.418552
28,1205488080,1287369164,3632483585.325588
29,1287369165,1371144189,3693547561.26688
30,1371144190,1552087109,3614436488.524872
31,1552087110,1599051756,3526394058.0551715
32,1599051757,1624891982,3695231367.5577455
33,1624891983,1684484930,3837927390.427194
34,1684484931,1736435105,3682536580.409475
35,1736435106,1800123789,3351648713.1964498
36,1800123790,1928327792,3882362876.678263
37,1928327793,1967008426,3402245677.6270924
38,1967008427,2152650605,3390132665.034705
39,2152650606,2154118794,2590634659.3736157
40,2154118795,2154730903,1905799152.9866848
41,2154730904,2154936635,1409209513.8522286
