1,1,26847143,2276167091.7075276
2,26847144,31921925,2693211272.1623034
3,31921926,38319529,3204554330.3201656
4,38319530,60811472,5456639534.244549
5,60811473,79430124,4550034389.242356
6,79430125,86758452,5029895609.699841
7,86758453,94797101,5351891375.576099
8,94797102,126759718,6240798839.493974
9,126759719,172836158,6574322217.100544
10,172836159,198423832,5114047841.739888
11,198423833,209516293,4234935785.08359
12,209516294,284209079,4224715888.44645
13,284209080,386065159,3826594776.7275095
14,386065160,397452068,2719196656.7867155
15,397452069,402635178,2198322316.8832803
16,402635179,445967598,1919513523.5438178
17,445967599,460339751,1405859383.1695359
18,460339752,496735126,1663194969.853806
19,496735127,514660648,2774177971.8276997
20,514660649,531879019,3610886600.9646077
21,531879020,539673194,4191203358.99766
22,539673195,549179946,4727463938.713219
23,549179947,808510937,5405136982.989542
24,808510938,990644800,5317481731.166051
25,990644801,1266097855,5091170505.775653
26,1266097856,1270412383,4369909877.335017
27,1270412384,1274776194,3590402266.2777953
28,1274776195,1282063932,2330547147.4931397
29,1282063933,1314896751,1900911788.9096208
30,1314896752,1338960780,3117251536.8473754
31,1338960781,1354114638,4152518873.1197553
32,1354114639,1361781288,4797521337.960741
33,1361781289,1368422003,5264659422.552915
34,1368422004,1376018289,5795437637.153805
35,1376018290,1811477239,6288304155.645768
36,1811477240,2009286585,6029528227.365311
37,2009286586,2013570719,5503234053.263902
38,2013570720,2019046980,4780667467.023691
39,2019046981,2030052848,3008767469.8799844
40,2030052849,2041446427,2199506768.0690517
41,2041446428,2057469291,1573611577.7468255
