1,1,2152121,27762591.41480151
2,2152122,7689831,298129344.41193527
3,7689832,19973968,1436112765.3897913
4,19973969,24339907,1977177621.3439865
5,24339908,28921792,2375951417.2025666
6,28921793,49524770,2851156561.021507
7,49524771,62225109,3230845628.987363
8,62225110,111180865,3488004192.7438283
9,111180866,140809735,3349920544.696846
10,140809736,175700509,3114668519.2185555
11,175700510,202565920,3193316314.2796035
12,202565921,278246100,3097589128.4781456
13,278246101,308460622,3342303341.0597744
14,308460623,417781211,3131766019.5070467
15,417781212,453592240,3676209760.4921775
16,453592241,520450451,3642441172.8964057
17,520450452,561349952,3847035068.30131
18,561349953,670607852,3741558923.6430106
19,670607853,710176969,3913963391.433173
20,710176970,806602642,3565204128.784312
21,806602643,842722761,3497189650.6691813
22,842722762,962842191,3658076124.330246
23,962842192,1022643459,3190018194.2226467
24,1022643460,1102127807,3160458687.3381133
25,1102127808,1205133299,3316854975.781078
26,1205133300,1286778637,3226606071.4339643
27,1286778638,1394237737,3275936826.903114
28,1394237738,1457980244,3592958224.860996
29,1457980245,1471561881,3792935355.3110657
30,1471561882,1548806962,3491917212.765474
31,1548806963,1596805132,3374204404.802567
32,1596805133,1732156470,3633597718.4229794
33,1732156471,1750586781,3501870723.813312
34,1750586782,1793953259,3282017905.136444
35,1793953260,1812222418,3673843821.6570926
36,1812222419,1919784035,3722379414.845632
37,1919784036,1930108660,3732001901.969688
38,1930108661,1966300744,3163701373.592833
39,1966300745,2152624411,3472995383.456392
40,2152624412,2154544884,2899284526.595448
41,2154544885,2154937004,2471001967.4369087
