1,1,281186,27701232.73451033
2,281187,6867632,399864079.1884746
3,6867633,21682446,1471688619.7836158
4,21682447,25454806,2105575046.635308
5,25454807,36827135,2523599173.40652
6,36827136,59719112,3145045822.3904963
7,59719113,101018627,3067728127.5803843
8,101018628,139927722,2831597322.1678443
9,139927723,275591770,3055100638.68807
10,275591771,310287263,3379495224.504645
11,310287264,432962454,2243711722.646008
12,432962455,449217751,3426043328.691008
13,449217752,472233308,2385889816.629687
14,472233309,523417577,3131112981.2409
15,523417578,524449649,2281333401.127032
16,524449650,684414041,2239956542.083505
17,684414042,691505046,2785901168.48795
18,691505047,765405779,2653986900.027336
19,765405780,838578707,2746863150.5580506
20,838578708,900576781,3004833218.7424355
21,900576782,918355686,2461300880.827864
22,918355687,1098356650,2892961557.653471
23,1098356651,1195628207,2859894877.137252
24,1195628208,1225981122,2862185184.334725
25,1225981123,1537098206,2518859504.210341
26,1537098207,1582900266,2998037061.41725
27,1582900267,1609443381,2917320398.904005
28,1609443382,1646260239,2816395808.1115794
29,1646260240,1731083812,2524275890.358988
30,1731083813,1801736200,2798644420.716708
31,1801736201,1858612613,2674821273.325199
32,1858612614,1914179167,2807720750.2945905
33,1914179168,1951795962,2759742583.866231
34,1951795963,1964280941,3397690302.869564
35,1964280942,2152228688,2980366578.4924293
36,2152228689,2153147972,2763281578.3038664
37,2153147973,2153492148,2639303908.290192
38,2153492149,2153923008,1810250993.4514563
39,2153923009,2154226215,1204550305.5439496
40,2154226216,2154623082,609919654.5311825
41,2154623083,2155164495,134222418.9080243
