1,1,27355339,2296157085.441757
2,27355340,32755879,2727432312.632645
3,32755880,38083544,3302008624.699693
4,38083545,61516135,5447298250.006785
5,61516136,83274893,4737212414.1170225
6,83274894,91721343,5125317415.758391
7,91721344,125853995,5862066334.3417635
8,125853996,172975831,5943477747.909685
9,172975832,189191817,5733454187.655431
10,189191818,208494333,4633008020.42225
11,208494334,285678185,4263026140.013435
12,285678186,386559359,3858177370.1246476
13,386559360,390424487,2801086818.3344374
14,390424488,394949178,1616618766.156194
15,394949179,396275062,1168654425.2839859
16,396275063,461489176,887082129.4500237
17,461489177,502212181,1466732452.4597905
18,502212182,509024675,1956021934.0366614
19,509024676,517969654,2412508147.494907
20,517969655,541790429,3867923945.4154477
21,541790430,551895362,4811121732.258932
22,551895363,837588138,5518302062.73532
23,837588139,1012606453,5560963025.925038
24,1012606454,1263753531,5209436768.937432
25,1263753532,1271035819,3878422818.122006
26,1271035820,1273836810,3125546423.7684426
27,1273836811,1276545346,2606919854.268654
28,1276545347,1279240466,1978925111.0220873
29,1279240467,1322491469,1556311614.637415
30,1322491470,1339686255,2554173515.7846823
31,1339686256,1352892280,3759937428.33225
32,1352892281,1362573825,4541957746.4401245
33,1362573826,1371360779,5281670967.523289
34,1371360780,1742740278,5815125045.427965
35,1742740279,2007481933,5217646756.573024
36,2007481934,2011803921,4913172368.604924
37,2011803922,2014848401,4508245387.169609
38,2014848402,2020943418,2731841222.1665173
39,2020943419,2023216024,2000195599.4744887
40,2023216025,2057342451,1537918217.1976
41,2057342452,2057580823,1087228034.0060806
