1,1,2847870,27751126.389157373
2,2847871,9160062,362900087.7835167
3,9160063,23543142,1619382398.8259912
4,23543143,27504986,2309398800.985261
5,27504987,49844728,2688482815.4679832
6,49844729,63918643,3288959591.169372
7,63918644,100811854,3531292330.890014
8,100811855,141532474,3352876846.3132524
9,141532475,275172400,3103165511.015825
10,275172401,413344657,3221913617.5417404
11,413344658,424914079,3562199845.9341865
12,424914080,451489513,3954525868.160997
13,451489514,520826767,3689320670.4176936
14,520826768,564102380,3716830743.632413
15,564102381,664558418,3355043478.4931364
16,664558419,708071962,3444751957.84226
17,708071963,734825261,3297825947.5405607
18,734825262,775952966,3385585145.191456
19,775952967,847871151,3214910490.2204046
20,847871152,922684590,3424267717.0696564
21,922684591,935203331,4043748140.357851
22,935203332,968417684,3814183585.293796
23,968417685,1029500191,3561138313.0571365
24,1029500192,1073014613,3771829698.0600977
25,1073014614,1102269592,3675915298.896513
26,1102269593,1142152961,3854638263.238894
27,1142152962,1165554297,3806921931.814932
28,1165554298,1205484417,3745146251.215096
29,1205484418,1336899098,3693523003.424605
30,1336899099,1380294653,3873669555.222249
31,1380294654,1550848419,3647842381.8716497
32,1550848420,1603091221,3609104916.734785
33,1603091222,1684300159,3890610599.361756
34,1684300160,1735279804,3786099654.8930182
35,1735279805,1789700356,3389260808.0454416
36,1789700357,1810878850,3680254122.4584494
37,1810878851,1921447016,4000844723.6853848
38,1921447017,1930039876,3844093989.1992006
39,1930039877,1966317978,3496986435.489024
40,1966317979,2152584712,3542563795.0678463
41,2152584713,2154889884,3229558365.911852
