1,1,2089879,27747509.80849964
2,2089880,7132958,410526798.3499994
3,7132959,21652163,1489668693.7310822
4,21652164,26068277,2136590749.843988
5,26068278,36901467,2577444890.746432
6,36901468,62620944,3138494814.026141
7,62620945,100928987,3523075735.466574
8,100928988,138907671,3392778188.121054
9,138907672,170951963,3121955973.58222
10,170951964,205231760,3281769665.093975
11,205231761,279133923,3114530472.431396
12,279133924,302954607,3378333203.781928
13,302954608,412079336,3204038599.883449
14,412079337,430553277,3643575686.228034
15,430553278,452681218,3923648159.026028
16,452681219,520329356,3714080734.825914
17,520329357,676468696,3702728485.1637287
18,676468697,705910546,4014663854.237601
19,705910547,737179371,3699007046.048464
20,737179372,775792588,3848222086.878392
21,775792589,853084580,3528944375.337947
22,853084581,921220448,3831413085.024437
23,921220449,944614490,3999420707.659756
24,944614491,1101925260,3620256750.751964
25,1101925261,1134797332,3984558765.940207
26,1134797333,1207242012,3833247726.8570166
27,1207242013,1338083731,3651235059.940968
28,1338083732,1380429805,3816735887.253239
29,1380429806,1552021143,3664595049.824578
30,1552021144,1602586407,3577648701.465714
31,1602586408,1684381917,3801609937.446777
32,1684381918,1736753453,3761947246.7873926
33,1736753454,1789756457,3382180465.7117367
34,1789756458,1810843172,3678577115.375368
35,1810843173,1920517727,3988671748.841264
36,1920517728,1929433071,3889782944.763812
37,1929433072,1967303899,3494987893.148746
38,1967303900,2152565194,3673318597.186861
39,2152565195,2153354663,3280229110.894363
40,2153354664,2154250410,3012171085.0643315
41,2154250411,2154721345,2623979983.744066
