1,1,3665233,27749633.860436805
2,3665234,8097283,641492973.1175648
3,8097284,21987313,1632689281.8181918
4,21987314,25737577,2185815244.8554845
5,25737578,30199821,2520700655.364378
6,30199822,50720479,2834064618.478514
7,50720480,62931141,3225711108.3828144
8,62931142,114397247,3523619041.564681
9,114397248,140479330,3396797777.7090816
10,140479331,173905389,3128977626.056246
11,173905390,206423182,3316320220.044321
12,206423183,275190281,3073925215.7602096
13,275190282,414106205,3035668715.995041
14,414106206,436405385,3625208284.654156
15,436405386,453627268,3964812569.672235
16,453627269,519431483,3711229986.657861
17,519431484,562062395,3958049940.1756697
18,562062396,674259971,3801615633.136412
19,674259972,711521013,4092592970.162736
20,711521014,777248159,3747489364.929063
21,777248160,854002236,3563837966.3472958
22,854002237,921027665,3860620310.303713
23,921027666,947468673,3993473943.099805
24,947468674,1032858498,3605857114.576215
25,1032858499,1073191303,3831539923.581381
26,1073191304,1101862770,3721950079.220248
27,1101862771,1205490933,3404379230.5777645
28,1205490934,1286384010,3057394130.044801
29,1286384011,1383626235,3366740778.245681
30,1383626236,1550355973,3169532379.5328417
31,1550355974,1599424154,3170972349.960654
32,1599424155,1729858566,3671842289.540405
33,1729858567,1749673309,3644441436.9131136
34,1749673310,1792683562,3389969756.6928287
35,1792683563,1815603639,3810573103.2988334
36,1815603640,1925854147,4063793483.220629
37,1925854148,1930898113,3795415496.0924354
38,1930898114,1968391061,3584660980.700277
39,1968391062,2152271245,3654815519.09832
40,2152271246,2153326075,3532774276.4356136
41,2153326076,2154861158,2711113921.870172
