1,1,1001692,27684209.35528018
2,1001693,8478209,381436172.3460553
3,8478210,21100088,1612987473.376999
4,21100089,24036522,2049086296.4365304
5,24036523,27749285,2357811720.0817304
6,27749286,39457644,2650166091.5732856
7,39457645,63928543,3077791131.0983434
8,63928544,101042035,3208061300.246758
9,101042036,138308938,3088592297.443933
10,138308939,276302837,2785254701.471012
11,276302838,412319553,3181162931.747842
12,412319554,424581287,3605818252.7683487
13,424581288,451766126,3940771485.3859057
14,451766127,520524662,3722391339.916932
15,520524663,562573292,3916255510.499374
16,562573293,674782417,3734126593.9383855
17,674782418,715617426,3996327077.152984
18,715617427,734811367,3695298572.99919
19,734811368,774217896,3884887805.07376
20,774217897,854684357,3562403253.273536
21,854684358,921652702,3836811185.711139
22,921652703,946510533,3989171125.678608
23,946510534,972549032,3741346904.8845534
24,972549033,1019765749,3595776578.504745
25,1019765750,1100334560,3696921779.1940618
26,1100334561,1141154218,3975297969.205606
27,1141154219,1164117910,3809486372.2622313
28,1164117911,1207365684,3924363523.2397223
29,1207365685,1338327392,3648802934.6201897
30,1338327393,1381453308,3888780244.340832
31,1381453309,1543848683,3652633018.023325
32,1543848684,1603056706,3568514684.6228213
33,1603056707,1685017253,3814959239.945575
34,1685017254,1736341899,3755963593.406114
35,1736341900,1788655609,3388125851.4237742
36,1788655610,1800724157,3647997663.779213
37,1800724158,1820502963,3848569743.205808
38,1820502964,1929787506,3947986088.482308
39,1929787507,1968544212,3490860185.1354847
40,1968544213,2152569842,3689463210.4146
41,2152569843,2154883418,3262473943.7243423
