1,1,27391929,2310721084.548301
2,27391930,34405272,2741681614.907485
3,34405273,43393668,3512106964.7951374
4,43393669,83361835,4320852108.643941
5,83361836,92570011,5128554540.240331
6,92570012,134142079,5180270521.084732
7,134142080,172394557,6399138799.666779
8,172394558,186079869,5802360688.219216
9,186079870,207256815,4676576754.696219
10,207256816,282730829,4279817447.4733796
11,282730830,385648064,3546148451.1600294
12,385648065,386928860,2689540967.876518
13,386928861,388299436,1292551574.2984598
14,388299437,389032468,744689258.5236675
15,389032469,453341644,359508406.5236743
16,453341645,501580369,506215377.7539494
17,501580370,512051411,922630305.4355236
18,512051412,524100613,1958980067.6727269
19,524100614,532998589,2890781360.263626
20,532998590,539763723,3608775546.8130975
21,539763724,545705157,4053524287.062282
22,545705158,1265011110,4615105844.699171
23,1265011111,1267009449,3128376805.543978
24,1267009450,1268008600,2356403508.011146
25,1268008601,1268915409,1710030097.593281
26,1268915410,1269550958,1039103031.1607523
27,1269550959,1318317320,553002061.850356
28,1318317321,1329166015,1173032558.3607948
29,1329166016,1336051593,1902157318.9426467
30,1336051594,1342897317,2521748997.8042474
31,1342897318,1354571314,3326135409.6659417
32,1354571315,1366391595,4419681023.951208
33,1366391596,1374582550,5292580654.121284
34,1374582551,1636657993,6008693730.903635
35,1636657994,2008221165,5668097455.387136
36,2008221166,2008908719,4987120189.327993
37,2008908720,2009914992,4145507986.991227
38,2009914993,2011163832,3026794743.3086734
39,2011163833,2012310379,1821351705.606045
40,2012310380,2013418910,940384497.9142509
41,2013418911,2058370099,355323133.24893105
