1,1,532637,27732006.68335237
2,532638,7948351,396106099.601208
3,7948352,20936752,1422676317.995887
4,20936753,24215406,2032545697.161826
5,24215407,27405990,2372425572.76015
6,27405991,37272819,2716420650.0776043
7,37272820,62691236,3126615686.852316
8,62691237,104462315,3511394035.2113047
9,104462316,141492409,3361866067.1956954
10,141492410,277942752,3107393015.8564644
11,277942753,308822292,3378998465.273148
12,308822293,420131383,3209205932.9941278
13,420131384,452189071,3754908957.387168
14,452189072,517501437,3634183660.888575
15,517501438,677639000,3717841847.8971257
16,677639001,710262973,3883631007.452405
17,710262974,802608509,3591416490.31148
18,802608510,855144611,3414490769.8812394
19,855144612,945139430,3535726598.8919463
20,945139431,974335853,3548000536.7567363
21,974335854,1009216266,3526420003.109915
22,1009216267,1105663460,3634507085.791956
23,1105663461,1135065536,3947178442.880376
24,1135065537,1169794271,3734270361.919541
25,1169794272,1203202390,3562334636.251462
26,1203202391,1300884935,3117874904.706526
27,1300884936,1361996847,3392898542.117853
28,1361996848,1552629874,3288814932.730257
29,1552629875,1597490754,3432549669.8560777
30,1597490755,1732967222,3406219630.136171
31,1732967223,1750504941,3474833562.7466054
32,1750504942,1797755084,3341128987.043083
33,1797755085,1819548519,3782571048.365697
34,1819548520,1924021166,3821714885.5898337
35,1924021167,1967354479,3348643012.431731
36,1967354480,2152681051,3475076160.036144
37,2152681052,2153584860,2787773264.83233
38,2153584861,2154224237,2212195758.405656
39,2154224238,2154602032,1502013330.9281018
40,2154602033,2154723501,1263328844.9389622
41,2154723502,2154885011,377601165.46397096
