1,1,2624429,27281227.463128187
2,2624430,6992983,407769414.950402
3,6992984,21725868,1606358825.4220843
4,21725869,25307727,2111331664.9396896
5,25307728,36224690,2509005084.978196
6,36224691,62713793,3114839358.321328
7,62713794,110835759,3497400894.000849
8,110835760,140247949,3376956010.8615165
9,140247950,173149896,3124180975.030337
10,173149897,204173749,3271346298.1000247
11,204173750,277738559,3103429076.3663964
12,277738560,302280431,3370852299.0081067
13,302280432,418746790,3080127854.1582613
14,418746791,452816793,3870136247.3166
15,452816794,519040725,3686029574.371565
16,519040726,675648545,3779376495.0147967
17,675648546,702177775,4045987784.291911
18,702177776,802108662,3689250084.875383
19,802108663,853358091,3533079653.513653
20,853358092,922346853,3813309989.648285
21,922346854,935939670,4008957228.7432623
22,935939671,970021621,3778265034.470888
23,970021622,1007143755,3577502607.460666
24,1007143756,1101399820,3611855522.441279
25,1101399821,1135379250,3881655833.8309007
26,1135379251,1164160920,3766262887.139557
27,1164160921,1205075020,3915675757.3721633
28,1205075021,1248949100,3742799716.0430703
29,1248949101,1283261396,3605930724.2053857
30,1283261397,1352146492,3589666805.8242283
31,1352146493,1363520944,3958645851.737503
32,1363520945,1545950380,3637966148.547735
33,1545950381,1600643841,3557247236.773566
34,1600643842,1726896446,3716002031.04436
35,1726896447,1750087294,3513755828.361218
36,1750087295,1793972348,3346452981.241709
37,1793972349,1820346150,3778274840.32888
38,1820346151,1928061014,3886334693.748529
39,1928061015,1964173681,3488296264.282352
40,1964173682,2152598465,3579499876.124102
41,2152598466,2154924130,3009390191.465261
