1,1,2364031,27737338.603633508
2,2364032,7970437,404465023.4385017
3,7970438,20932369,1490977956.5741506
4,20932370,26110319,2071496474.7970428
5,26110320,38491265,2570666978.1617947
6,38491266,64043837,3129180419.4468284
7,64043838,102377648,3509894633.3138638
8,102377649,140235770,3372843627.446487
9,140235771,279223657,3016542384.4105163
10,279223658,302666520,3362630953.683722
11,302666521,413857306,3192705439.574906
12,413857307,421167738,3519919008.834807
13,421167739,451987657,3881559354.677004
14,451987658,519167422,3696913762.967628
15,519167423,675598485,3772806940.9046097
16,675598486,715795938,3948866737.675115
17,715795939,732170310,3605541873.707328
18,732170311,775532818,3860002862.6793647
19,775532819,854637231,3561800070.14626
20,854637232,922301318,3833418312.493232
21,922301319,941997892,3989355960.821705
22,941997893,968544656,3739984190.829197
23,968544657,1008475345,3554559636.4876423
24,1008475346,1106715694,3677940932.732446
25,1106715695,1138739118,3965267240.90669
26,1138739119,1165796682,3778630012.548249
27,1165796683,1205776162,3933056949.549043
28,1205776163,1343796222,3556675430.6492424
29,1343796223,1375936600,3896928144.089896
30,1375936601,1551364196,3598325252.554557
31,1551364197,1601791009,3589075237.909352
32,1601791010,1684444920,3776212939.136128
33,1684444921,1734433069,3601023122.5095806
34,1734433070,1795372292,3423520038.791849
35,1795372293,1819932919,3793011342.34145
36,1819932920,1928958321,3935866805.311829
37,1928958322,1968156407,3488752385.7927785
38,1968156408,2044532600,3392261396.759163
39,2044532601,2074920575,3204270098.27743
40,2074920576,2151086295,3328893828.4868035
41,2151086296,2154625618,3274937903.0667024
