1,1,28010833,2308177920.7760677
2,28010834,35984547,2794075194.471454
3,35984548,46354163,3634532093.450615
4,46354164,62302205,4960218277.40378
5,62302206,81472698,4582604886.119446
6,81472699,92165825,5254277756.215567
7,92165826,125183645,5588254285.239462
8,125183646,177805833,5937025905.817127
9,177805834,189747026,5752895027.81997
10,189747027,206821248,4781125787.879762
11,206821249,278960331,4260884991.6915836
12,278960332,387633483,3594381208.4797955
13,387633484,390728465,2535183733.487605
14,390728466,392696222,1803713070.3602989
15,392696223,394664960,1196618926.921719
16,394664961,459902309,815717422.620155
17,459902310,503048421,1286246361.9283593
18,503048422,514910549,1776759991.062759
19,514910550,529788805,2873742236.659453
20,529788806,539227621,3682330962.251677
21,539227622,550939318,4527303687.358273
22,550939319,846516202,5190789389.232786
23,846516203,1265162332,5127897206.842057
24,1265162333,1267755855,4515792672.089616
25,1267755856,1269409171,3983259963.824979
26,1269409172,1272389661,3103565314.4242363
27,1272389662,1275711472,2130326369.7493408
28,1275711473,1321057383,1364687360.5923927
29,1321057384,1337468608,2013475035.845355
30,1337468609,1350334238,3581924618.8954473
31,1350334239,1357396289,4182599649.9396696
32,1357396290,1365296059,4804382306.988917
33,1365296060,1372004053,5367660256.728987
34,1372004054,1639965240,5893951576.710777
35,1639965241,2009539369,5400123582.701636
36,2009539370,2012125884,4484097598.165811
37,2012125885,2013951263,3941885364.937499
38,2013951264,2015955101,3317874208.8723993
39,2015955102,2017631607,2700879424.1712675
40,2017631608,2020528773,1899218005.0226135
41,2020528774,2057671133,1024828755.155166
