1,1,3374848,27760600.22705958
2,3374849,7938057,593060705.902109
3,7938058,20680949,1544561377.4639564
4,20680950,24728175,2034570109.373684
5,24728176,29319519,2442621755.3291807
6,29319520,49340997,2811559658.4633007
7,49340998,62329949,3203549312.4062777
8,62329950,112890669,3475917861.9658923
9,112890670,139806832,3359397977.0521502
10,139806833,172054851,3140312118.858823
11,172054852,206309295,3280923027.5445232
12,206309296,268190993,2793183876.595375
13,268190994,414564465,2814881527.9176555
14,414564466,429385472,3637584916.1879454
15,429385473,451345751,3502652661.8405867
16,451345752,519777179,3406816977.056
17,519777180,674180007,3694257263.941907
18,674180008,713030907,4025050717.9239182
19,713030908,735732976,3606265366.239429
20,735732977,776211151,3871078974.799879
21,776211152,853442849,3572780410.305455
22,853442850,921966932,3807116361.179254
23,921966933,946750443,4011932412.743224
24,946750444,1102193225,3645891074.383709
25,1102193226,1205261945,3789926947.031749
26,1205261946,1288711769,3562447916.8768835
27,1288711770,1314871591,3938132573.674129
28,1314871592,1334726790,3723638631.951828
29,1334726791,1381096806,3889486121.298733
30,1381096807,1544637860,3659016446.6709447
31,1544637861,1602843206,3572596953.66746
32,1602843207,1684467336,3847927567.951568
33,1684467337,1736603599,3740239503.1940455
34,1736603600,1788079351,3322731370.647409
35,1788079352,1805477872,3684911134.751632
36,1805477873,1880322940,3937168137.679962
37,1880322941,1918218832,4165734297.490153
38,1918218833,1930052233,3871569403.969037
39,1930052234,1966220466,3575294783.521197
40,1966220467,2152561436,3678397449.7873383
41,2152561437,2154874952,3229648779.444001
