1,1,27153239,2301018355.4823017
2,27153240,33522985,2715296973.7950063
3,33522986,44869285,3509948765.1997848
4,44869286,58572037,3410388346.6042194
5,58572038,62615289,5823573489.6023855
6,62615290,81123168,4461982385.258695
7,81123169,90882185,5124725746.792245
8,90882186,128074297,5270193616.595596
9,128074298,175303808,6475706372.388022
10,175303809,194477052,5410366264.871852
11,194477053,207531142,4715632056.270868
12,207531143,260949896,4264517482.419362
13,260949897,306911936,4169537035.7274933
14,306911937,387006257,3820586929.842605
15,387006258,396041993,2981470783.268894
16,396041994,402314674,2313304225.685838
17,402314675,447895625,1963158023.2451746
18,447895626,488982937,1371228317.5193424
19,488982938,504492661,1698786108.4639971
20,504492662,525906474,3047866406.7262635
21,525906475,538824450,3892510998.8820496
22,538824451,549089048,4590216398.189183
23,549089049,826236609,5225295659.237899
24,826236610,1265184523,5176108795.074341
25,1265184524,1270780879,4231110368.929715
26,1270780880,1277340204,2997392095.2899036
27,1277340205,1280749746,2377789852.339372
28,1280749747,1319261127,1833824708.6475222
29,1319261128,1329217845,2482552248.2054844
30,1329217846,1338244155,3113031742.288149
31,1338244156,1346197188,3561551809.86482
32,1346197189,1359913038,4109553134.7524242
33,1359913039,1633369427,5868771569.076509
34,1633369428,1811866091,5738587871.039868
35,1811866092,2009212084,5647434868.311547
36,2009212085,2012594036,4866639560.66615
37,2012594037,2014842890,4449558151.608644
38,2014842891,2018531667,3666336730.7970276
39,2018531668,2025221896,2245998350.3634725
40,2025221897,2056501344,1853858882.120026
41,2056501345,2057525152,1264296272.0733147
