1,1,2944976,27771550.357662413
2,2944977,8197805,363161417.78247947
3,8197806,19516509,1563424167.1312468
4,19516510,23341491,1928130206.943224
5,23341492,27681927,2302853288.471181
6,27681928,48140418,2724680535.574879
7,48140419,62260355,3165620195.005581
8,62260356,101485921,3519531094.061615
9,101485922,142134179,3379358026.907913
10,142134180,275684887,3112113425.0689483
11,275684888,413727904,3063234895.9589643
12,413727905,425934623,3646361635.843493
13,425934624,454677941,3950497476.7423353
14,454677942,519860100,3736651239.0750937
15,519860101,562739847,3962119817.397783
16,562739848,670668798,3827361687.256687
17,670668799,711024776,4046091436.8426366
18,711024777,736495511,3748611514.0213904
19,736495512,775980610,3922384503.8326087
20,775980611,854138971,3619920425.169968
21,854138972,925730647,3843910870.894351
22,925730648,935239118,4162080934.663555
23,935239119,949663452,3916279499.05298
24,949663453,1026025868,3644411773.0907288
25,1026025869,1068180843,3845762913.1972632
26,1068180844,1101138513,3735207646.46842
27,1101138514,1206954674,3834017385.181756
28,1206954675,1288009146,3728631786.347716
29,1288009147,1392703937,3788289067.386353
30,1392703938,1552005811,3707501372.069501
31,1552005812,1601843309,3596536718.55464
32,1601843310,1729455915,3866590956.6360903
33,1729455916,1749388139,3583351139.034477
34,1749388140,1787520428,3397905067.4812326
35,1787520429,1802864176,3695606898.571349
36,1802864177,1819347499,3939671777.448773
37,1819347500,1920105896,3668883831.6166606
38,1920105897,1929266675,3864820087.544889
39,1929266676,1967606264,2880167269.462211
40,1967606265,2152553931,3259571451.2662907
41,2152553932,2154869452,3230040229.7906933
