1,1,1131416,27773802.331320327
2,1131417,8198094,376535969.8371198
3,8198095,18588762,1581025578.2970655
4,18588763,23341176,1926702825.164765
5,23341177,26948886,2297555136.697503
6,26948887,48754544,2698008396.4725657
7,48754545,64247815,3228657818.704112
8,64247816,101799079,3487532026.14225
9,101799080,139898238,3345394658.143114
10,139898239,277255687,2778697502.652343
11,277255688,416625844,2765953488.812513
12,416625845,425617701,3622004438.509998
13,425617702,450794405,3922023883.834596
14,450794406,519267302,3275397655.8878827
15,519267303,673052941,3786760213.376927
16,673052942,711761647,4025919146.0523977
17,711761648,737402362,3663379653.0192814
18,737402363,775883883,3852961428.0562754
19,775883884,853292622,3545269592.743023
20,853292623,920531613,3831989595.238294
21,920531614,946607191,3975334095.286924
22,946607192,1031122162,3613203719.765722
23,1031122163,1069383348,3825274304.449918
24,1069383349,1101525564,3709784676.580359
25,1101525565,1146820591,3953881803.673541
26,1146820592,1165068839,3823030242.499668
27,1165068840,1205175940,3927389400.5975657
28,1205175941,1335696461,3667230791.9009576
29,1335696462,1381874981,3916296483.744085
30,1381874982,1546559116,3665785031.1286864
31,1546559117,1601996654,3521528627.0292478
32,1601996655,1684311566,3895192786.256049
33,1684311567,1737325730,3769440039.4491134
34,1737325731,1788960174,3407649603.3461885
35,1788960175,1801291778,3702286189.526102
36,1801291779,1815620738,3906342035.598193
37,1815620739,1928564013,3976965865.055711
38,1928564014,1966970780,3496875619.902065
39,1966970781,2152433690,3720984003.9424143
40,2152433691,2153160887,3503401847.613308
41,2153160888,2154754620,2966073822.876879
