1,1,26286298,2243007704.0699334
2,26286299,32312290,2662936163.6635303
3,32312291,42295363,3252739108.141858
4,42295364,87518312,4162014778.7484846
5,87518313,98469163,4965741887.244258
6,98469164,172542398,5278592283.8975935
7,172542399,193355248,4970543339.676587
8,193355249,207912301,4502449048.449985
9,207912302,284703828,4203680318.0858173
10,284703829,385370950,3699497282.683838
11,385370951,386936007,2993103215.5047345
12,386936008,389068668,1723125561.126107
13,389068669,390437519,823753011.7851113
14,390437520,454931063,371666316.44973963
15,454931064,505517351,484344600.78251433
16,505517352,518802624,1468255465.4946938
17,518802625,527611773,2428602324.6191626
18,527611774,537424128,1900993987.2064486
19,537424129,550146789,2492765862.250514
20,550146790,722122716,2634573353.9952493
21,722122717,724145058,1834604489.317997
22,724145059,929656411,1826286151.9928272
23,929656412,930936780,1885803661.899397
24,930936781,1265407216,1748790698.5770452
25,1265407217,1266450821,4153461756.4753714
26,1266450822,1267492188,3540998582.7212043
27,1267492189,1269074738,2516708361.371471
28,1269074739,1270647106,1965203901.4702287
29,1270647107,1271824709,1230763676.8184845
30,1271824710,1317891380,728722233.4123713
31,1317891381,1326101794,1135994031.4447951
32,1326101795,1334305330,1798885258.497483
33,1334305331,1347555157,2734162527.748323
34,1347555158,1359260970,3677452261.109331
35,1359260971,1372938651,4705253656.324854
36,1372938652,2008682896,5438773968.274976
37,2008682897,2010436376,4232552963.4925346
38,2010436377,2012480972,2622756232.8947062
39,2012480973,2013769059,2119640189.7704868
40,2013769060,2015128875,607610957.4961596
41,2015128876,2058234489,362596860.9936214
