1,1,2661071,27771034.75574119
2,2661072,8541849,434049998.7327455
3,8541850,21625647,1680022019.8755984
4,21625648,25465347,2115773641.3860905
5,25465348,29363929,2496003744.76528
6,29363930,50147298,2865546633.379473
7,50147299,64223216,3246015767.877176
8,64223217,102016534,3559667419.0257063
9,102016535,141119133,3419765038.2439566
10,141119134,176306658,3142529665.0283747
11,176306659,206602263,3305376750.6524005
12,206602264,276778090,3150700006.8565183
13,276778091,413826388,3270938220.55954
14,413826389,427288830,3607087350.6328073
15,427288831,452063654,4026796245.104138
16,452063655,519857666,3802612860.550366
17,519857667,541982378,3993877405.735668
18,541982379,669798090,3799710833.311269
19,669798091,711827679,4072916820.008448
20,711827680,776631998,3767716962.428392
21,776631999,847420570,3636496816.4050994
22,847420571,892391619,3827894798.073146
23,892391620,949278483,3926839354.219965
24,949278484,1039992126,3681864545.1541967
25,1039992127,1071096443,3859306844.278447
26,1071096444,1102052724,3689271162.74386
27,1102052725,1206709473,3907092568.600433
28,1206709474,1286779085,3701624920.852067
29,1286779086,1413731686,3784500186.833765
30,1413731687,1453780617,3686474160.010096
31,1453780618,1476041382,3885669292.239362
32,1476041383,1550920632,3737500591.711309
33,1550920633,1599193112,3586853775.624309
34,1599193113,1731653317,3844690540.787736
35,1731653318,1751192512,3644808088.620844
36,1751192513,1794250342,3391920136.97312
37,1794250343,1815372317,3850658282.9767113
38,1815372318,1928678908,3972696352.638346
39,1928678909,1967285291,3549719856.4772744
40,1967285292,2152520569,3695877571.150184
41,2152520570,2154068066,3456668905.587376
