1,1,607042,27735918.60742572
2,607043,7471047,362926059.6222733
3,7471048,18492544,1542716386.3028908
4,18492545,22831450,1862693087.677224
5,22831451,26481104,2234704889.268177
6,26481105,37646740,2594810754.688666
7,37646741,62501610,3158087182.9456544
8,62501611,107072603,3489846709.3875
9,107072604,141703120,3358897353.341619
10,141703121,175050440,3110791825.8998976
11,175050441,204697738,3267070711.705405
12,204697739,276389613,3130638512.8290863
13,276389614,302005535,3340850317.107809
14,302005536,420409359,3151180386.8709984
15,420409360,452257986,3736945805.336196
16,452257987,519516804,3666787963.072936
17,519516805,675666901,3779111707.882269
18,675666902,702710263,4063154561.1435976
19,702710264,733495418,3676831892.4054623
20,733495419,798516916,3679215120.455623
21,798516917,853312142,3538012991.689803
22,853312143,922301873,3853500832.186489
23,922301874,940856051,4013170811.816512
24,940856052,976086338,3631474774.959973
25,976086339,1008427814,3541105075.5297394
26,1008427815,1105367226,3133841620.4241776
27,1105367227,1136255693,3465196751.210849
28,1136255694,1164058399,3345046356.164558
29,1164058400,1205079787,3568645106.432972
30,1205079788,1345083722,3288982838.9594107
31,1345083723,1364267075,3901015050.2348366
32,1364267076,1551171290,3595889620.1816974
33,1551171291,1603562641,3557540597.795351
34,1603562642,1705488858,3827766045.3711634
35,1705488859,1737170801,3749734767.1012554
36,1737170802,1788799378,3398482445.4283166
37,1788799379,1810859864,3676635649.104077
38,1810859865,1927969524,3828385252.349967
39,1927969525,1964724311,3480196791.6958046
40,1964724312,2152591044,3586997936.539989
41,2152591045,2154650599,3140047473.820165
