1,1,27112791,2304357252.3214626
2,27112792,33117887,2716429992.150314
3,33117888,42004140,3352125737.953755
4,42004141,82022146,4478776561.095729
5,82022147,90437335,5036292050.787971
6,90437336,124779431,5106046206.921621
7,124779432,175606606,6403393928.943042
8,175606607,198971229,5172191619.383008
9,198971230,208101676,4592661590.55136
10,208101677,273828885,4331363668.787448
11,273828886,316415138,4000752795.360706
12,316415139,391686478,3379598020.8727083
13,391686479,402343568,2339416677.992872
14,402343569,447907588,1857505811.060929
15,447907589,463346226,1363575655.0624506
16,463346227,490836791,1581027444.3510783
17,490836792,504695297,1746602570.4744794
18,504695298,525272659,2919575790.6180525
19,525272660,539750735,3888300865.4042296
20,539750736,546109860,4633081045.117159
21,546109861,552013655,5022562350.455476
22,552013656,804966883,5106959763.987785
23,804966884,1264427707,5280915376.945962
24,1264427708,1267357905,4817164755.369408
25,1267357906,1271963830,4044834901.138236
26,1271963831,1278005504,2847199332.955908
27,1278005505,1282512653,2007828643.4767344
28,1282512654,1319599930,1822954235.0965843
29,1319599931,1335923966,2635971603.2364936
30,1335923967,1344446512,3433439740.4797354
31,1344446513,1352006201,3985393636.294609
32,1352006202,1364402713,4573435380.118939
33,1364402714,1607764340,5694986491.459924
34,1607764341,1814247995,4991843461.37657
35,1814247996,2004693105,5167460456.789902
36,2004693106,2012251704,5097215708.563609
37,2012251705,2014276763,4626380424.282347
38,2014276764,2017778867,3874172462.864406
39,2017778868,2020555387,3374156018.033991
40,2020555388,2024845484,2420965907.5476565
41,2024845485,2057525388,1282039387.8980546
