1,1,2420463,27691015.923213106
2,2420464,8734352,350440568.3000903
3,8734353,21914537,1596668172.2803967
4,21914538,26305194,2146539246.73999
5,26305195,37238694,2453810651.890606
6,37238695,61706606,3083758088.2798944
7,61706607,104854471,3533069044.2882266
8,104854472,142057837,3349473060.031702
9,142057838,174965530,3125964889.504812
10,174965531,206750814,3277272218.100437
11,206750815,276639846,3108860213.834092
12,276639847,311810219,3369786824.5132904
13,311810220,412644012,3173842696.027353
14,412644013,429829643,3587498716.3612885
15,429829644,452938715,3896707825.6471343
16,452938716,518916704,3695411770.608879
17,518916705,675537159,3728621884.347404
18,675537160,701720179,4036328402.393704
19,701720180,802274447,3568067934.047466
20,802274448,856629088,3549069753.4471946
21,856629089,946262118,3822181112.816025
22,946262119,974636178,3735050949.256791
23,974636179,1010503747,3580692858.8500032
24,1010503748,1105618088,3668229554.1683054
25,1105618089,1140939681,3937835544.872181
26,1140939682,1165570804,3761359602.7204447
27,1165570805,1205760719,3919492064.242527
28,1205760720,1248477666,3736717162.4459567
29,1248477667,1281035811,3577706417.031403
30,1281035812,1351889088,3724012416.6076
31,1351889089,1364095643,3984316856.81663
32,1364095644,1552517167,3614351240.038266
33,1552517168,1600065499,3262455421.120937
34,1600065500,1727896504,3260423991.6636243
35,1727896505,1747535986,3554575436.61592
36,1747535987,1794420576,3069066713.2627363
37,1794420577,1819605841,3555068209.630965
38,1819605842,1927096610,3455746270.247482
39,1927096611,1967514210,3487627498.545
40,1967514211,2152397197,3674344298.9742823
41,2152397198,2154068877,3411859131.852677
