1,1,27179375,2320424803.018795
2,27179376,33942659,2743573573.853248
3,33942660,43491064,3412188499.2933936
4,43491065,60408623,5405003719.703731
5,60408624,82870812,3778025672.129483
6,82870813,89276869,4990283382.014279
7,89276870,125460479,5551942503.801611
8,125460480,176272256,6050273852.461431
9,176272257,193421365,5539448109.986692
10,193421366,208042036,4142842410.529513
11,208042037,290665003,3547259929.4146585
12,290665004,386773383,3535321468.5532603
13,386773384,389626430,2811568843.435954
14,389626431,393565377,1607407086.6348357
15,393565378,394671496,1188765204.30152
16,394671497,459689996,791964026.7201554
17,459689997,499888227,1197695244.2682197
18,499888228,507412314,1608122901.387778
19,507412315,528184132,2633185594.3390784
20,528184133,543532973,3863697739.8259573
21,543532974,552588288,4710642354.652555
22,552588289,825927135,5454026137.53132
23,825927136,1007885201,5552258850.7600565
24,1007885202,1264949529,5274008006.447398
25,1264949530,1267843831,4409547693.147371
26,1267843832,1270788333,3614841212.5621834
27,1270788334,1273175518,2909343645.9817305
28,1273175519,1276209390,2110503363.8015218
29,1276209391,1317978001,1355792062.182033
30,1317978002,1327282239,1883516002.4764163
31,1327282240,1336521425,2491734287.015118
32,1336521426,1357925483,3644665497.0180774
33,1357925484,1372479417,5000326094.444025
34,1372479418,1819553103,6055132007.638144
35,1819553104,2008415422,6080556961.990385
36,2008415423,2010151473,5374114303.825616
37,2010151474,2012721238,4627764492.135405
38,2012721239,2014859652,3798188826.2562723
39,2014859653,2016972339,3208526329.3146687
40,2016972340,2018819186,2424043087.8287134
41,2018819187,2057636990,994080183.9065278
