1,1,2604190,27774120.310532965
2,2604191,7558563,319449512.8676634
3,7558564,22186596,1448196841.8145406
4,22186597,26890686,2176708982.3492403
5,26890687,37201558,2633504390.568823
6,37201559,66358013,3103552692.5962424
7,66358014,111857920,3134721148.989199
8,111857921,142543439,3032986455.9138784
9,142543440,278548632,2689104094.24574
10,278548633,301898222,3363311391.472032
11,301898223,412079620,2899164636.3547
12,412079621,430032663,3528358821.9023046
13,430032664,452617184,3913891726.865928
14,452617185,519905129,3667634653.21042
15,519905130,675580341,3683431770.0809417
16,675580342,703153725,4008995411.320892
17,703153726,736500298,3687208907.125036
18,736500299,775867460,3639700506.661289
19,775867461,856107194,3571955609.460062
20,856107195,946612963,3797204161.812844
21,946612964,969736099,3766419773.564655
22,969736100,1008346161,3552426551.4707994
23,1008346162,1105611589,3672378386.920356
24,1105611590,1141819616,3963315431.315633
25,1141819617,1166015867,3757843111.0598807
26,1166015868,1204432404,3938026423.84519
27,1204432405,1249095234,3741767460.080629
28,1249095235,1281444120,3625733597.530562
29,1281444121,1348881786,3696496246.3653455
30,1348881787,1363293145,3912738356.166138
31,1363293146,1551607623,3602816476.1461406
32,1551607624,1602168799,3512577987.7168384
33,1602168800,1732214245,3768498305.5103936
34,1732214246,1796219505,3362711582.265835
35,1796219506,1819856894,3749764273.9125247
36,1819856895,1929026588,3837597125.494956
37,1929026589,1966652673,3470787683.129073
38,1966652674,2152596803,3649435042.439516
39,2152596804,2153684891,3219871748.146367
40,2153684892,2154631765,2507961401.310794
41,2154631766,2154935706,1920026480.690396
