1,1,27236278,2304848370.441167
2,27236279,32406885,2743051552.873329
3,32406886,39692593,3244953902.3422556
4,39692594,81008027,4356540146.052475
5,81008028,87827481,5035343944.420599
6,87827482,99495521,5180579721.386333
7,99495522,172735376,6278788855.522689
8,172735377,198329249,5270095405.651947
9,198329250,208949917,4650825179.14902
10,208949918,262858903,4203806945.2800474
11,262858904,319083587,4101011055.6519747
12,319083588,385387538,3760644252.138438
13,385387539,387773686,1780331033.280941
14,387773687,388608420,1109981775.6212604
15,388608421,389032436,572337283.9649203
16,389032437,453088553,355400757.7275285
17,453088554,506161583,492153648.8153759
18,506161584,521872928,1762638193.9631727
19,521872929,528454965,2741322415.135862
20,528454966,536088586,3188100935.025399
21,536088587,544682122,3866610247.1593003
22,544682123,1264986312,4628891280.48046
23,1264986313,1266419104,3450275981.802585
24,1266419105,1267549933,2676387660.752288
25,1267549934,1268522159,1964134942.2980795
26,1268522160,1269549648,1186640095.1654966
27,1269549649,1318883868,543052396.5063853
28,1318883869,1327364131,994605050.9019798
29,1327364132,1333958364,1796459969.9533606
30,1333958365,1343263356,2321510193.3470654
31,1343263357,1362724361,3685632803.6875205
32,1362724362,1374643200,5430345477.806242
33,1374643201,1749396296,6009603217.307098
34,1749396297,2008045255,6085080906.24455
35,2008045256,2009223783,5332737945.2374735
36,2009223784,2010561705,3945766731.055905
37,2010561706,2011188413,3146578234.504927
38,2011188414,2011703906,2516705659.0895915
39,2011703907,2012276590,2145442670.720539
40,2012276591,2013216156,1273816067.1759698
41,2013216157,2058342173,351484108.0316807
