1,1,1829908,27771550.00338769
2,1829909,7223982,350942499.39965034
3,7223983,19420573,1570179047.459941
4,19420574,23485371,1957364758.197436
5,23485372,26848769,2297463223.670144
6,26848770,36652046,2633347623.70309
7,36652047,62225048,3123917246.988457
8,62225049,100594919,3539786874.7684007
9,100594920,140135316,3363476275.06859
10,140135317,172442770,3110258623.3667526
11,172442771,206493814,3256420569.819117
12,206493815,276256428,3088792583.512722
13,276256429,302172563,3376898827.2776937
14,302172564,418394211,3170779351.441869
15,418394212,452973394,3825000231.460457
16,452973395,519665626,3688847025.2477818
17,519665627,562111060,3855848864.240262
18,562111061,668448018,3784835480.9724655
19,668448019,710001953,4011403690.974773
20,710001954,802423215,3696857990.986134
21,802423216,854710548,3541398036.86559
22,854710549,948453171,3809466191.418656
23,948453172,975022688,3713080630.376983
24,975022689,1006286375,3591350003.394319
25,1006286376,1103637418,3662640250.239324
26,1103637419,1134408650,3778455349.531122
27,1134408651,1183639455,3237291323.8598604
28,1183639456,1205194487,3927745502.4759135
29,1205194488,1285790588,3200860192.9436674
30,1285790589,1352595376,3240826454.360872
31,1352595377,1369551852,3952965016.6236215
32,1369551853,1551458506,3246938656.699327
33,1551458507,1599658222,3554938166.3786774
34,1599658223,1730829800,3779330454.863362
35,1730829801,1750665169,3434850756.0492864
36,1750665170,1793467349,3396264482.6287274
37,1793467350,1819925074,3772591214.4385138
38,1819925075,1927962748,3896989848.1039767
39,1927962749,1966210277,3521210666.5845942
40,1966210278,2152561850,3671224602.752177
41,2152561851,2154935814,2898479205.5511155
