1,1,2757191,27750021.045771025
2,2757192,8331765,474529138.9858275
3,8331766,22825364,1612626513.9829068
4,22825365,27119635,2305424361.7368
5,27119636,39035462,2561359485.1956625
6,39035463,62887753,3189645174.640537
7,62887754,106467784,3514309370.864484
8,106467785,141806752,3333160092.2395315
9,141806753,174988332,3121340745.5169806
10,174988333,276363911,3170811045.699565
11,276363912,414273454,3215826588.230041
12,414273455,426693997,3580349748.746099
13,426693998,452299340,3985165491.370604
14,452299341,519556667,3768640669.289295
15,519556668,543025029,3997760036.67892
16,543025030,681000557,3398021653.058596
17,681000558,713497015,4052168819.697003
18,713497016,734813532,3393597699.730768
19,734813533,776603868,3614638967.083344
20,776603869,853430450,3095551559.133206
21,853430451,922961718,3437700384.0023146
22,922961719,948455444,3947638091.38824
23,948455445,1030946367,3319663783.553853
24,1030946368,1070782345,3838347346.637299
25,1070782346,1101070657,3707055370.056201
26,1101070658,1205661627,3866121535.337117
27,1205661628,1287354043,3648649877.176595
28,1287354044,1412873696,3795319338.199205
29,1412873697,1456765346,3690383715.164359
30,1456765347,1481262618,3920519452.118499
31,1481262619,1558672324,3742269198.708613
32,1558672325,1601275767,3595868024.8734965
33,1601275768,1731763285,3823087497.2969713
34,1731763286,1750173650,3634677892.611468
35,1750173651,1794139073,3394197383.855437
36,1794139074,1814007696,3825642451.5730176
37,1814007697,1921489853,4037629662.847079
38,1921489854,1929961616,3868703679.4873457
39,1929961617,1966172616,3521472241.335526
40,1966172617,2152486276,3733111324.992465
41,2152486277,2154871909,3401250749.4612565
