1,1,2363421,27783442.470891718
2,2363422,8936799,553645866.0872433
3,8936800,21649901,1621230680.4488597
4,21649902,24893123,2144506777.4034317
5,24893124,28744711,2441245244.2760262
6,28744712,51740322,2825520710.898404
7,51740323,64570554,3334123271.953911
8,64570555,102016889,3605715626.052589
9,102016890,139474343,3397846513.4670467
10,139474344,275723731,3154119259.167116
11,275723732,414022161,3268370271.2823195
12,414022162,427355003,3609339968.003396
13,427355004,452609633,3994363276.312558
14,452609634,520437460,3707612672.192339
15,520437461,562923615,3974976749.1974
16,562923616,676950933,3844544775.904577
17,676950934,714107143,4065557644.215604
18,714107144,736483346,3721473761.194432
19,736483347,775866978,3923669756.8326735
20,775866979,847078182,3616463912.3321695
21,847078183,893279950,3835032362.9865546
22,893279951,949844131,3962117166.457787
23,949844132,1032047085,3685196923.354427
24,1032047086,1070809030,3858847603.986964
25,1070809031,1101223522,3731593348.115044
26,1101223523,1205815382,3871902968.851439
27,1205815383,1287239470,3715818333.191209
28,1287239471,1413684387,3787885580.086735
29,1413684388,1454584277,3664409200.453047
30,1454584278,1471942636,3942338284.9249
31,1471942637,1560669816,3722212778.360304
32,1560669817,1601347784,3618147938.313023
33,1601347785,1730964985,3833934432.273505
34,1730964986,1751184632,3636231696.93854
35,1751184633,1793619517,3401249841.010285
36,1793619518,1816204828,3835173251.9131694
37,1816204829,1928529668,3940009952.9988656
38,1928529669,1969281869,3567649399.823535
39,1969281870,2151795459,3576064221.561004
40,2151795460,2153315749,3360614851.9641333
41,2153315750,2154793361,2652574737.479142
