1,1,2891194,27761199.30529372
2,2891195,8477685,357004974.1801302
3,8477686,23294993,1606458232.7566984
4,23294994,27704170,2267782939.2458324
5,27704171,39079981,2627922025.763729
6,39079982,61998572,3212763722.920711
7,61998573,111798483,3377503730.3710947
8,111798484,140929403,3377089911.613515
9,140929404,277793587,3035955258.559776
10,277793588,312349653,3323875654.117135
11,312349654,411987738,3199089461.264417
12,411987739,429495187,3512623294.8119226
13,429495188,451468033,3907162903.969255
14,451468034,520288000,3702046000.048445
15,520288001,561710181,3876272664.182919
16,561710182,671920787,3733081303.941392
17,671920788,715249728,3949595411.275685
18,715249729,734218714,3680009601.2776513
19,734218715,773838412,3767989270.508594
20,773838413,855798004,3545508905.7344656
21,855798005,945756505,3803612341.816427
22,945756506,968232981,3661206249.7434816
23,968232982,1011803099,3601077838.8703294
24,1011803100,1105505602,3569737101.3496776
25,1105505603,1146228091,3945918874.26611
26,1146228092,1164240738,3764252748.340118
27,1164240739,1204684081,3923970201.276447
28,1204684082,1249665989,3757791983.851416
29,1249665990,1286425891,3556366288.954279
30,1286425892,1377349171,3726771439.9241066
31,1377349172,1547519311,3601020517.1332088
32,1547519312,1601131091,3572154872.5309224
33,1601131092,1727274816,3743964640.7279806
34,1727274817,1750239404,3564309487.4394183
35,1750239405,1795741316,3400953051.80181
36,1795741317,1819575965,3778482620.644737
37,1819575966,1925119732,3960818265.0599113
38,1925119733,1961632666,3478634370.82953
39,1961632667,2152519362,3646429959.326031
40,2152519363,2153445742,3247026537.7864904
41,2153445743,2154936988,2146874695.163202
