1,1,26583958,2296731955.076377
2,26583959,30502221,2697199658.450653
3,30502222,34502464,3044301596.2510104
4,34502465,43805385,3621026216.0360284
5,43805386,60750180,5628604482.303351
6,60750181,82298534,4756398038.38358
7,82298535,88703210,5221432110.062007
8,88703211,94469332,4859927055.986187
9,94469333,143558459,5825213590.90955
10,143558460,173889946,6037885653.376833
11,173889947,188509876,5774668465.476945
12,188509877,208903851,4076498943.244656
13,208903852,276781355,3834831075.1810727
14,276781356,386523610,3537788743.1045527
15,386523611,393554755,3178925495.6396246
16,393554756,401850530,2312568516.993003
17,401850531,448180179,1855507762.6171336
18,448180180,487781222,1266671022.3858337
19,487781223,497939123,1547063672.9499972
20,497939124,512486710,2171031679.377147
21,512486711,528219249,3329715398.8960905
22,528219250,536346439,3848450750.0252113
23,536346440,546454619,4392010011.974482
24,546454620,1267233235,4840905236.273188
25,1267233236,1272869847,3898362411.066537
26,1272869848,1277292730,2975863954.405624
27,1277292731,1280595832,2416333214.2097445
28,1280595833,1283022721,2006100374.8503728
29,1283022722,1318578008,1844733403.5964015
30,1318578009,1327449911,2234408699.003187
31,1327449912,1335494103,2801213221.6618204
32,1335494104,1350447238,3474264537.402264
33,1350447239,1366948068,4606572170.564703
34,1366948069,1615330000,5832272093.406153
35,1615330001,2008607082,5720696246.0142565
36,2008607083,2012060562,4917810778.612673
37,2012060563,2017440926,3774677230.736354
38,2017440927,2022431906,2670586154.347189
39,2022431907,2025311805,2155273159.100415
40,2025311806,2057045389,1850755481.5182474
41,2057045390,2057532301,1277345018.4713342
