1,1,3107156,27767628.141191825
2,3107157,7771500,377876853.2999069
3,7771501,19656355,1543594342.9453578
4,19656356,23662691,1944673475.0554533
5,23662692,27713527,2316785070.6882515
6,27713528,48750741,2728197915.82454
7,48750742,63528592,3199563779.7182527
8,63528593,102836770,3533458352.999984
9,102836771,139616753,3372461587.4814134
10,139616754,171500881,3012366209.551045
11,171500882,205239340,3265696816.091282
12,205239341,277025202,3124149558.4741254
13,277025203,303066438,3360248665.320791
14,303066439,420650682,3115722675.6550107
15,420650683,450888183,3780748207.0503383
16,450888184,519389677,3699744268.999693
17,519389678,675573270,3765556741.5292206
18,675573271,715582737,3928567318.243227
19,715582738,737695678,3700426688.492509
20,737695679,772014998,3845983598.645684
21,772014999,857853488,3522866522.9392543
22,857853489,946266752,3823518429.889989
23,946266753,975116997,3724017604.986335
24,975116998,1010489449,3566713207.9108534
25,1010489450,1106144768,3589494604.722397
26,1106144769,1135228990,3964590749.225651
27,1135228991,1163470226,3751727107.134976
28,1163470227,1204158205,3897301283.6182256
29,1204158206,1247712566,3735815762.176901
30,1247712567,1282055453,3593057291.568684
31,1282055454,1380549761,3723118665.114418
32,1380549762,1551877508,3620725767.902848
33,1551877509,1602992275,3544254795.2108874
34,1602992276,1728576693,3778756378.18988
35,1728576694,1749741100,3566243851.688537
36,1749741101,1794904488,3361800679.311391
37,1794904489,1819792161,3777888627.540213
38,1819792162,1928401972,3899104703.829857
39,1928401973,1966466073,3512938660.4336963
40,1966466074,2152475272,3647569295.52174
41,2152475273,2154935374,3161201935.5369687
