1,1,27816931,2302913339.0101495
2,27816932,36202941,2786688264.9587317
3,36202942,47176904,3689745104.2377253
4,47176905,62474488,5274123745.321201
5,62474489,81239289,4317485581.862235
6,81239290,87775877,5089908761.7373295
7,87775878,125043877,5363971653.200752
8,125043878,179639969,6247003639.507155
9,179639970,197771368,5254204815.078214
10,197771369,208566474,4610624040.31097
11,208566475,285853987,4251806628.4207478
12,285853988,385101437,3978526632.0160427
13,385101438,386013143,3307543834.6779733
14,386013144,387775755,1858508060.6608262
15,387775756,388620997,995426994.2661239
16,388620998,389380075,535600373.07786155
17,389380076,453158103,356655220.9740471
18,453158104,504749387,500811296.5167839
19,504749388,514989329,1260494583.1640294
20,514989330,528632003,2293799125.3151555
21,528632004,538176857,3272151379.835651
22,538176858,545854256,3879735569.7073517
23,545854257,1265483470,4267021808.5140452
24,1265483471,1267095812,3008519588.5797276
25,1267095813,1267984779,2284037424.998661
26,1267984780,1268838928,1633788925.8558686
27,1268838929,1269665098,1054763093.5862201
28,1269665099,1316775004,546690858.3255788
29,1316775005,1327180800,993197646.0301827
30,1327180801,1333172205,1694966936.253461
31,1333172206,1343618937,2290768597.2993355
32,1343618938,1359970658,3249167382.4009967
33,1359970659,1371633478,4851246556.717434
34,1371633479,1503502314,5768632771.561433
35,1503502315,2008248906,5644023460.388634
36,2008248907,2008968201,4839045462.889556
37,2008968202,2010627420,3569813347.2869687
38,2010627421,2011906315,2367775656.486889
39,2011906316,2012876866,1567224762.95532
40,2012876867,2013664176,750237638.0004692
41,2013664177,2058375976,369122441.94514227
