1,1,27505930,2331678474.4785466
2,27505931,33715258,2787982781.349422
3,33715259,43830918,3400592607.765949
4,43830919,61985658,5362858505.606532
5,61985659,84776064,4828146002.215876
6,84776065,93816325,5090480865.365695
7,93816326,107536068,6099938313.36887
8,107536069,174760239,6547219397.5837
9,174760240,188707257,5687044434.424392
10,188707258,208304922,4650361174.935272
11,208304923,285408327,4264784685.5392227
12,285408328,387436079,3804290885.7238913
13,387436080,397340689,2844794724.8238554
14,397340690,403409438,2209266811.692696
15,403409439,447906198,1906789366.4286656
16,447906199,464171082,1386701785.3060396
17,464171083,491283839,1654292818.657445
18,491283840,507026269,1835042258.1234586
19,507026270,526692240,3273023330.969203
20,526692241,536544624,4242108591.618159
21,536544625,551434347,4810723560.328933
22,551434348,785023270,5462667605.065026
23,785023271,997610639,5328669284.639075
24,997610640,1264945353,5183157397.474972
25,1264945354,1268850659,4496234675.4885
26,1268850660,1273610457,3691662660.3034163
27,1273610458,1278129625,3045603452.292456
28,1278129626,1282400935,2172250901.5000777
29,1282400936,1323252609,1817666764.1953604
30,1323252610,1343904104,2976949414.555959
31,1343904105,1356339841,4143620320.166051
32,1356339842,1369126918,5113814751.791281
33,1369126919,1375899063,5770516988.2255745
34,1375899064,1798091733,6204305551.859505
35,1798091734,2009190451,5953231095.97411
36,2009190452,2014134041,5375054075.868264
37,2014134042,2019892592,4578446824.018329
38,2019892593,2026787978,3336038644.759685
39,2026787979,2030900956,2476207775.16346
40,2030900957,2041221582,2101318494.478339
41,2041221583,2057496741,1285013008.592702
