1,1,27256342,2293565901.2947965
2,27256343,33046936,2743315629.7886047
3,33046937,39964272,3397858620.2460046
4,39964273,61866910,3518081657.7405415
5,61866911,83493185,4695651214.623713
6,83493186,92923455,5085084285.856199
7,92923456,125967785,6099319648.679057
8,125967786,179287154,6322092017.944452
9,179287155,197594495,5242684891.430923
10,197594496,208496397,4590020803.443187
11,208496398,288481031,4236552932.9388294
12,288481032,385651481,3522949299.3250866
13,385651482,387338333,2344933895.060875
14,387338334,388186734,1584126249.3776817
15,388186735,388619340,961621384.709676
16,388619341,389118857,658363260.5461869
17,389118858,452676716,346547676.30873364
18,452676717,503240759,497430962.4482285
19,503240760,513320477,1029451000.3900908
20,513320478,528702986,2438216582.8584514
21,528702987,536916309,3258815908.990409
22,536916310,544409149,3926497326.4272413
23,544409150,1265174670,4498166924.749633
24,1265174671,1267061171,2902817536.7979164
25,1267061172,1268049942,2189479721.8144426
26,1268049943,1268912413,1569673844.3524048
27,1268912414,1269794977,965757111.9677647
28,1269794978,1316464933,545241522.0808382
29,1316464934,1322986158,815600378.0864035
30,1322986159,1329871527,1333841926.5099955
31,1329871528,1339997434,2027848233.6071448
32,1339997435,1352112730,2898433172.6856456
33,1352112731,1364189737,4057436568.073041
34,1364189738,2008083188,5017265709.436242
35,2008083189,2009209508,4880814520.895794
36,2009209509,2010284191,3911164609.4913945
37,2010284192,2011473805,2793736526.8187428
38,2011473806,2012189870,2148199952.6544337
39,2012189871,2012798552,1535119431.445281
40,2012798553,2013413892,1021706073.3266128
41,2013413893,2058399952,372973070.61260736
