1,1,27306860,2306412984.8275566
2,27306861,32568536,2729632532.7570305
3,32568537,44633402,3431501203.6026206
4,44633403,63323058,5583063144.828796
5,63323059,81348347,4614445010.880164
6,81348348,87175174,5097332422.557499
7,87175175,128254873,5887552567.50992
8,128254874,175223166,6484855883.12863
9,175223167,198370655,5262832187.674253
10,198370656,208005767,4512104718.45088
11,208005768,286160064,4265207592.793
12,286160065,387319439,3810043053.8738823
13,387319440,395434037,3008675991.59117
14,395434038,403297100,2291590464.0015163
15,403297101,447897944,1876928466.4150572
16,447897945,463704576,1384863726.4329832
17,463704577,489644763,1597926559.9319968
18,489644764,503156701,1756393654.490321
19,503156702,523236382,3028099577.528719
20,523236383,531090711,3862182554.1103067
21,531090712,541665532,4333401388.422196
22,541665533,550198800,4820046803.421105
23,550198801,817708724,5270012239.781209
24,817708725,1264918924,5186551349.343227
25,1264918925,1267178523,4826665072.750536
26,1267178524,1271690557,4036825700.754924
27,1271690558,1278498733,2935090881.022346
28,1278498734,1281991687,2086339288.124894
29,1281991688,1318287558,1853523177.7508101
30,1318287559,1328762607,2403625693.1176653
31,1328762608,1339971795,3093972241.606275
32,1339971796,1349156713,3738874715.6949196
33,1349156714,1362433020,4327810853.11439
34,1362433021,1636511118,5677708352.747878
35,1636511119,1818506688,6069513757.310904
36,1818506689,2009746013,5630421408.29618
37,2009746014,2014452694,4709684697.850759
38,2014452695,2017320065,4108915235.2814865
39,2017320066,2020463188,3615869453.557959
40,2020463189,2023903983,2854803105.935643
41,2023903984,2057503973,1260295010.6169841
