1,1,27822456,2306253009.350535
2,27822457,34265967,2819900561.2399087
3,34265968,44839597,3494224648.199149
4,44839598,60279521,5459733920.512625
5,60279522,84244796,4375534581.357838
6,84244797,92408368,5125711423.842693
7,92408369,124088403,5623383671.915153
8,124088404,176073536,6507249976.3900385
9,176073537,196837351,5303646581.1133795
10,196837352,208816297,4576105323.560833
11,208816298,277148564,3459850282.6493783
12,277148565,324064059,3507196061.5818863
13,324064060,387314375,3598424820.8566995
14,387314376,390298936,2793118249.1052227
15,390298937,392508957,2294308542.5518837
16,392508958,396071709,1363963295.1659708
17,396071710,461018283,900759009.5067308
18,461018284,499841356,1371536952.674077
19,499841357,506624345,1746242241.6619194
20,506624346,519109879,2328577250.1349335
21,519109880,528611787,3086215197.3466253
22,528611788,540840921,3881993194.812436
23,540840922,548209014,4761517721.481562
24,548209015,1264873489,4553637926.590686
25,1264873490,1267062394,4803251927.113895
26,1267062395,1269379697,4298121000.393724
27,1269379698,1272650847,3448762032.3403754
28,1272650848,1277060406,2334779813.7230864
29,1277060407,1316847189,1569127637.7148347
30,1316847190,1323035604,1829367751.4314454
31,1323035605,1330474123,2338224618.8945346
32,1330474124,1342158820,2891808503.3844633
33,1342158821,1357020666,3779733042.0457993
34,1357020667,1369190815,4855448606.588779
35,1369190816,1513255058,5803785795.407252
36,1513255059,2008865659,5570964275.577211
37,2008865660,2013196564,4386035615.39314
38,2013196565,2017345409,3297259305.848084
39,2017345410,2019709986,2743322138.9413724
40,2019709987,2022125709,2116611554.3443925
41,2022125710,2057670811,1155143634.545983
