1,1,27396007,2317310309.694706
2,27396008,33824139,2750025670.857639
3,33824140,41291330,3403969192.3992805
4,41291331,59813463,5583963397.179496
5,59813464,82447514,4407624499.255302
6,82447515,87084383,5079537669.61363
7,87084384,94752250,5139253688.287897
8,94752251,145957301,5974682339.012083
9,145957302,175110140,6501351569.624166
10,175110141,187583912,5773498020.880659
11,187583913,207581711,4658891417.810741
12,207581712,276831042,4318022842.211035
13,276831043,318588122,4136823512.4672976
14,318588123,387490884,3777267428.185347
15,387490885,394613863,3092387646.677295
16,394613864,402753855,2314575294.339991
17,402753856,447903792,1915224992.9558306
18,447903793,454019936,1534321552.7144556
19,454019937,461884937,1219378229.3559237
20,461884938,496685612,1431434215.3959308
21,496685613,511712997,2067828283.82637
22,511712998,530210504,3140254025.158453
23,530210505,537978917,3950720170.5247316
24,537978918,547672163,4476380541.195855
25,547672164,1264959920,5151846895.98494
26,1264959921,1271482096,4088148712.997239
27,1271482097,1278782503,2786875534.824468
28,1278782504,1282333975,1870072809.4648144
29,1282333976,1316912881,1849575496.0869286
30,1316912882,1323230028,2091934943.9858007
31,1323230029,1330086659,2548223665.7822
32,1330086660,1340450677,3075593843.938723
33,1340450678,1361302308,4014078406.400904
34,1361302309,1481187495,5583762813.5814495
35,1481187496,2009968934,5387623677.1592455
36,2009968935,2013963161,4534292532.61731
37,2013963162,2018971711,3491383626.940316
38,2018971712,2021840792,2922508791.1913457
39,2021840793,2025533377,2029457692.4249902
40,2025533378,2057529151,1808201704.9535408
41,2057529152,2057536486,1320195183.4305134
