1,1,2061136,27775530.50263593
2,2061137,7609734,362723157.3814881
3,7609735,19994486,1605024252.3190937
4,19994487,23720943,1954766008.385473
5,23720944,27059182,2268611349.6072392
6,27059183,36925193,2653653352.095593
7,36925194,63356723,3115411191.031215
8,63356724,101740891,3548702002.071755
9,101740892,141921489,3385934890.4225235
10,141921490,175541127,3102299107.072453
11,175541128,206110906,3283273938.486138
12,206110907,278201877,3095230997.980478
13,278201878,303067702,3261514354.8051586
14,303067703,418163230,3203961243.314903
15,418163231,452177393,3854994867.915308
16,452177394,520498435,3668253696.924993
17,520498436,561501975,3886871845.103148
18,561501976,672625642,3717618373.9082494
19,672625643,711795041,3890180249.90727
20,711795042,807786471,3677463458.751666
21,807786472,852084705,3544028042.7922897
22,852084706,948926932,3809542192.693014
23,948926933,976547447,3720613720.975648
24,976547448,1021170116,3586522464.362061
25,1021170117,1105507238,3672848292.886511
26,1105507239,1134125185,3948258439.31017
27,1134125186,1166204743,3743370037.396188
28,1166204744,1203900583,3926597513.63561
29,1203900584,1286813383,3625884410.8001
30,1286813384,1352749687,3668606332.764232
31,1352749688,1363293346,3992345829.29532
32,1363293347,1546251844,3618727043.300412
33,1546251845,1601416033,3533961386.219517
34,1601416034,1732667797,3778335797.085192
35,1732667798,1749407763,3545515217.099336
36,1749407764,1796227364,3353288619.1920485
37,1796227365,1820364052,3770926968.639614
38,1820364053,1928006245,3921390973.485875
39,1928006246,1963642854,3456176984.94087
40,1963642855,2152596988,3311242860.9785795
41,2152596989,2154936782,2807032612.2628107
