1,1,27638195,2265801718.0342984
2,27638196,34892295,2754527877.543912
3,34892296,44791451,3936961397.381578
4,44791452,60453759,5464717528.93422
5,60453760,83396245,4321633218.133875
6,83396246,89134790,5200949146.754163
7,89134791,136944951,5194039431.471375
8,136944952,174864941,6547522078.62289
9,174864942,197139342,4896207620.524931
10,197139343,209149888,4622096735.561668
11,209149889,290249476,3728796094.1845374
12,290249477,387195741,3433311200.17917
13,387195742,394694938,2946835591.4840517
14,394694939,401358907,2109781687.5216699
15,401358908,447875173,1771589097.8610597
16,447875174,463840974,1395057983.8239765
17,463840975,499120459,1474364593.9250717
18,499120460,516616444,2336299142.1270075
19,516616445,525781825,3193481791.918259
20,525781826,541666176,3800359825.058734
21,541666177,847374516,4932891263.279968
22,847374517,1266487896,4987520621.839458
23,1266487897,1270946070,4243527888.0804505
24,1270946071,1275863367,3282295023.800317
25,1275863368,1279065715,2688885218.3092065
26,1279065716,1282027799,2224297567.1119804
27,1282027800,1319210658,1853121502.4639807
28,1319210659,1327504238,2242520858.2202845
29,1327504239,1335846437,2817479052.8254642
30,1335846438,1346693776,3472786334.738664
31,1346693777,1360834544,4271740881.242077
32,1360834545,1373843851,5658439124.515737
33,1373843852,1741456759,6154141329.194808
34,1741456760,2008398651,5865364220.624349
35,2008398652,2011566458,5350950912.336547
36,2011566459,2015117214,4740337840.754327
37,2015117215,2018955809,4078580396.191435
38,2018955810,2023971647,3090002893.096535
39,2023971648,2027533541,2290352648.503887
40,2027533542,2057496111,1864133372.7585545
41,2057496112,2057558003,1242306869.5608003
