1,1,1394673,27782962.44030653
2,1394674,7624773,525520299.6500724
3,7624774,18535426,1585739887.1828437
4,18535427,23834699,1966677455.4848487
5,23834700,27483815,2317853197.1485896
6,27483816,38102246,2694026924.7520723
7,38102247,61808615,3132320856.818769
8,61808616,111435220,3486545005.03559
9,111435221,141289134,3367645248.3788524
10,141289135,275685805,3128294633.0289903
11,275685806,413023474,3195491158.23978
12,413023475,423863311,3656523974.468115
13,423863312,452959539,3950985896.246246
14,452959540,519226500,3691197893.29648
15,519226501,666233512,3656665169.917101
16,666233513,708562392,4044107202.834675
17,708562393,737384273,3705234195.849699
18,737384274,775877970,3879821874.5447817
19,775877971,853011678,3620967613.032144
20,853011679,921550189,3855690270.124911
21,921550190,946560518,3987992037.715927
22,946560519,1111225847,3157757821.5258446
23,1111225848,1144287804,3993432609.918774
24,1144287805,1163794704,3352299690.8818936
25,1163794705,1206878058,3479010361.716424
26,1206878059,1337729987,3250407914.2370334
27,1337729988,1381967041,3468918056.142013
28,1381967042,1553194764,3302959975.4478445
29,1553194765,1603216682,3512666500.143457
30,1603216683,1684576032,3874929210.17802
31,1684576033,1736662551,3644789162.7753744
32,1736662552,1790287045,3391370349.6010003
33,1790287046,1806744788,3679194982.400228
34,1806744789,1879857635,3962773709.226073
35,1879857636,1920622913,4110772063.143479
36,1920622914,1929342717,3902292794.7613754
37,1929342718,1968415926,3517881390.5889945
38,1968415927,2152564494,3648602649.557242
39,2152564495,2153853361,3138095101.6051373
40,2153853362,2154518211,2917638018.700396
41,2154518212,2154875482,2358535455.8781514
