1,1,1176783,27745623.216252357
2,1176784,6440953,270879247.75394183
3,6440954,18974885,1549536491.8319895
4,18974886,22537281,1965041227.5187528
5,22537282,26108858,2207553240.3487
6,26108859,36376416,2578081093.227815
7,36376417,63069821,3077530787.9055395
8,63069822,104801306,3531599067.70158
9,104801307,142491667,3360942854.0500126
10,142491668,175796340,3128092372.599002
11,175796341,205433997,3311912489.197795
12,205433998,275788189,3055700689.105637
13,275788190,302554215,3378221073.5206594
14,302554216,420197223,3192414275.2091784
15,420197224,450309519,3838873531.124169
16,450309520,519468021,3661444320.3771634
17,519468022,672120996,3789835465.39284
18,672120997,711676650,4053800832.8928432
19,711676651,732214230,3663459087.288549
20,732214231,773389327,3903429098.331507
21,773389328,854829918,3585529226.388129
22,854829919,921979980,3852362766.337268
23,921979981,941518361,3928950502.9356894
24,941518362,968562772,3800784340.496193
25,968562773,1007508404,3604139439.396202
26,1007508405,1102381581,3708284488.80847
27,1102381582,1135380228,3529461197.850506
28,1135380229,1164123418,3217833128.47486
29,1164123419,1206929569,3498863591.154874
30,1206929570,1343107510,3215860396.2009573
31,1343107511,1365445384,3605457093.8859706
32,1365445385,1546605894,3082312407.653876
33,1546605895,1603102617,3584182342.231073
34,1603102618,1683399372,3809547848.146692
35,1683399373,1732721847,3767839769.171826
36,1732721848,1789874799,3345794184.2490277
37,1789874800,1805408752,3685645942.515029
38,1805408753,1927709229,3940250717.292503
39,1927709230,1965550457,3505531439.8030868
40,1965550458,2152585217,3575494624.4249644
41,2152585218,2154908655,3180508145.232204
