1,1,468620,27766510.032944825
2,468621,7682560,440570268.5939134
3,7682561,19572301,1597018622.049677
4,19572302,23537719,1958262036.8567667
5,23537720,27623136,2318495616.662236
6,27623137,37568329,2726389135.62585
7,37568330,62209561,2964627927.618464
8,62209562,112765241,3246725054.6321263
9,112765242,141080877,3088764900.897624
10,141080878,179072140,2753542538.745932
11,179072141,205999155,3288259403.4681644
12,205999156,268060704,2826821883.2425904
13,268060705,412185292,2985742654.2431054
14,412185293,432174333,3577068006.882734
15,432174334,452733235,3910484544.9258094
16,452733236,520288065,3683386276.4248695
17,520288066,676470125,3780232134.4994593
18,676470126,711190723,4033572508.267532
19,711190724,734843094,3693095846.114565
20,734843095,775968331,3874989653.699239
21,775968332,853383904,3339412207.928494
22,853383905,922759810,3847670376.851114
23,922759811,946951148,3964414074.1689777
24,946951149,1101686056,3602832239.45032
25,1101686057,1138565260,3956647283.3107657
26,1138565261,1166154137,3818025038.588481
27,1166154138,1205336740,3914984347.935384
28,1205336741,1341168491,3697433782.565576
29,1341168492,1379574290,3910016288.810528
30,1379574291,1546265190,3669385090.0449567
31,1546265191,1602012721,3569029375.296757
32,1602012722,1683638971,3900082500.497886
33,1683638972,1736409373,3788449244.029724
34,1736409374,1789425548,3402620689.9006824
35,1789425549,1805553400,3699414874.002198
36,1805553401,1928641129,3925279546.408112
37,1928641130,1966550847,3543256287.967399
38,1966550848,2152572901,3611981020.2712126
39,2152572902,2153866887,3141806233.635508
40,2153866888,2154656743,2776967328.919967
41,2154656744,2154873690,2373079748.884262
