1,1,608395,27715002.59424031
2,608396,6461087,296562120.4951393
3,6461088,21798103,1606417730.0332415
4,21798104,27134287,2134662787.6512475
5,27134288,37416395,2740643442.07713
6,37416396,59597965,3175160261.176135
7,59597966,100363932,2741657494.911831
8,100363933,137860467,3055959275.571965
9,137860468,276284134,3095323834.8883405
10,276284135,302134602,3389409034.3661656
11,302134603,416115618,3195981281.737359
12,416115619,448189003,3214508986.433092
13,448189004,548777951,3041786205.263216
14,548777952,561421000,3221908904.67001
15,561421001,621410193,2417290839.225301
16,621410194,759594187,2706204103.4866285
17,759594188,836186897,2529767163.623111
18,836186898,895198819,2677194572.085971
19,895198820,1044600306,2185744762.174004
20,1044600307,1198283840,2392599550.590552
21,1198283841,1230169136,2515041058.555271
22,1230169137,1420549101,2444313214.9574914
23,1420549102,1451462841,2839427800.8333435
24,1451462842,1469936904,3267427525.918369
25,1469936905,1540689065,2764243586.293955
26,1540689066,1578307539,2747602456.124072
27,1578307540,1642791876,2536742334.872184
28,1642791877,1732401884,3064563655.576598
29,1732401885,1797197831,2947633115.461465
30,1797197832,1911908413,2857280337.850204
31,1911908414,1926675809,2483352889.815463
32,1926675810,1945888397,2745113653.8631144
33,1945888398,1966348657,3352182390.703303
34,1966348658,2141270920,2895001753.5530524
35,2141270921,2152709061,3390425449.7205024
36,2152709062,2153286313,2840064949.5053525
37,2153286314,2153524443,2258559725.811392
38,2153524444,2153957060,1783993991.6177068
39,2153957061,2154306449,1190330089.9849665
40,2154306450,2154658102,387186174.8365102
41,2154658103,2155074280,136769881.22206664
