1,1,26530495,2150920653.5626082
2,26530496,32568539,2680450206.089721
3,32568540,44450104,3351564516.886539
4,44450105,59322183,5725031465.180858
5,59322184,82633047,4465281008.13489
6,82633048,86851293,5238765960.983305
7,86851294,92276595,5532814718.593594
8,92276596,145452218,6017034884.104548
9,145452219,176172293,6531040704.601201
10,176172294,195865551,5317982878.914536
11,195865552,208665382,4652156984.587454
12,208665383,275579152,4308945011.213976
13,275579153,387037480,3787368723.8962264
14,387037481,395809729,2545852071.351321
15,395809730,400719202,1921970547.3461142
16,400719203,447907989,1622636728.5632656
17,447907990,489213038,1304981404.0892303
18,489213039,501971866,1629091952.770523
19,501971867,508055349,2096706595.4495952
20,508055350,516964614,2650501451.187737
21,516964615,540710036,3670312369.1104417
22,540710037,551779574,4899120097.898694
23,551779575,700856246,5375778412.295265
24,700856247,1265142221,4563667858.618971
25,1265142222,1267999361,4720335745.777808
26,1267999362,1271078537,4179316407.984451
27,1271078538,1274010358,3611517146.670965
28,1274010359,1279555533,2619601471.90268
29,1279555534,1321523913,1756632209.6602676
30,1321523914,1336195255,2585944143.0795817
31,1336195256,1348432899,3613999249.4820576
32,1348432900,1355554501,4282829100.7443447
33,1355554502,1365856860,4653441016.554574
34,1365856861,1624130015,5145870554.333045
35,1624130016,2009588021,5567682997.986497
36,2009588022,2012294842,4903505667.644389
37,2012294843,2014554239,4438865831.997649
38,2014554240,2017521793,3897714510.667213
39,2017521794,2019540111,3385564553.9173207
40,2019540112,2024211677,2393468893.6212616
41,2024211678,2057582925,1346334642.0357563
