1,1,28486908,2313586751.1780267
2,28486909,34786119,2827949659.6598005
3,34786120,44553379,3512494270.4660835
4,44553380,85252891,4577171674.735548
5,85252892,90064281,5035791862.640107
6,90064282,114100301,5131633273.78486
7,114100302,172569246,6489752779.99398
8,172569247,188921910,5865727760.464369
9,188921911,207304897,4555339017.52227
10,207304898,284376541,4241158501.3421726
11,284376542,386001397,3399737345.407812
12,386001398,387776514,1818109531.777352
13,387776515,389008427,796833813.2397647
14,389008428,389287632,453861360.951763
15,389287633,453104153,362641812.5550538
16,453104154,506198383,467945634.0952072
17,506198384,521055676,1476511987.685742
18,521055677,531553342,2695944637.019685
19,531553343,540629122,3525504056.106932
20,540629123,546627249,4236488948.955448
21,546627250,1264317938,4542742183.409944
22,1264317939,1266255734,3666330424.346213
23,1266255735,1267364781,2824014194.98513
24,1267364782,1268229965,2155150725.865601
25,1268229966,1269157645,1507108043.6029432
26,1269157646,1269781588,893168561.3240383
27,1269781589,1316981415,553422541.1481844
28,1316981416,1325044812,936155270.9368167
29,1325044813,1331799879,1572158390.3451293
30,1331799880,1337883881,2125149256.330731
31,1337883882,1348665947,2732487497.3239326
32,1348665948,1358520267,3721323863.726616
33,1358520268,1374479523,5191212608.368885
34,1374479524,1605847374,5856288849.241865
35,1605847375,2008185091,5695229663.519225
36,2008185092,2009026980,4910022800.766235
37,2009026981,2010671408,3459374162.265694
38,2010671409,2011960160,2267404413.451104
39,2011960161,2012853660,1608126242.1493068
40,2012853661,2013559216,847873298.9948505
41,2013559217,2058376102,358594890.616229
