1,1,287036,27746863.832618278
2,287037,5875833,349941094.4810516
3,5875834,22116042,1509288603.5849187
4,22116043,28098006,2181091209.9926085
5,28098007,51826863,2778525403.650056
6,51826864,136553851,2771908777.5727606
7,136553852,277554300,3129264528.1721253
8,277554301,302638613,3397656043.3855314
9,302638614,429284499,2801826386.329996
10,429284500,446338128,3384498313.331719
11,446338129,513937699,2980880354.555197
12,513937700,680920839,2698768212.084864
13,680920840,683606978,2397685093.9259644
14,683606979,765428089,2110189971.603145
15,765428090,786383862,2944895208.860426
16,786383863,841152075,2979488569.080444
17,841152076,958898248,2669280951.226754
18,958898249,1042836930,2407372026.7040024
19,1042836931,1195333931,2073762897.9797904
20,1195333932,1220703215,2859017974.4801555
21,1220703216,1542974847,2651371513.737293
22,1542974848,1580434790,2931400950.891953
23,1580434791,1610714642,2773713051.300336
24,1610714643,1611801167,2276417363.6839504
25,1611801168,1636420047,2840813241.0592847
26,1636420048,1648502896,2678055809.541293
27,1648502897,1691236525,2983037295.407217
28,1691236526,1732402786,2003738543.0275648
29,1732402787,1786778046,2430738449.343907
30,1786778047,1810530172,2684262292.369617
31,1810530173,1858728389,2817499736.92316
32,1858728390,1924643418,2685048031.3017125
33,1924643419,1948156146,2464113218.301628
34,1948156147,1966879150,2416920165.026072
35,1966879151,2152642657,2297252726.5477366
36,2152642658,2153041807,3078513847.980035
37,2153041808,2153534312,2049211521.6971223
38,2153534313,2153917680,1730514362.4718857
39,2153917681,2154290540,1219386536.0888824
40,2154290541,2154638187,395166045.434686
41,2154638188,2155037055,134895478.15596044
