1,1,28695498,2258710281.2987485
2,28695499,35900679,2917907895.5430584
3,35900680,48370228,3708825205.4434595
4,48370229,62084404,5352853680.606233
5,62084405,86531100,4560138251.981958
6,86531101,93097184,5093969855.448624
7,93097185,126759958,6158394340.239798
8,126759959,175025320,6477851284.04372
9,175025321,188877507,5707396484.255195
10,188877508,202045124,5017326247.471247
11,202045125,208851781,4587369322.582187
12,208851782,290019330,4243157172.681417
13,290019331,387411505,3795904662.0635552
14,387411506,393706983,3164837246.879793
15,393706984,401785748,2316719981.6081166
16,401785749,447918359,1842752813.0794194
17,447918360,488447509,1258602332.9527361
18,488447510,499023061,1556348453.9868824
19,499023062,509119172,2038754142.806689
20,509119173,523887332,2792892908.690358
21,523887333,534582524,3620338074.4666166
22,534582525,544026921,4236384759.727459
23,544026922,1266130072,5005938927.080224
24,1266130073,1271218926,4195696182.4344206
25,1271218927,1275735557,3343274157.5154014
26,1275735558,1279566124,2594331428.2427955
27,1279566125,1282526199,2083111168.8024352
28,1282526200,1317625339,1847759402.0993314
29,1317625340,1323233259,2134319022.714479
30,1323233260,1333215206,2618779408.7988667
31,1333215207,1345486756,3267064386.0608206
32,1345486757,1359500919,4198924130.5519557
33,1359500920,1369523259,5069435560.092086
34,1369523260,1509709432,5815260593.320838
35,1509709433,2010050625,5422735158.383391
36,2010050626,2015859102,4110207940.702397
37,2015859103,2020268663,3295473509.549139
38,2020268664,2022926370,2681209418.963546
39,2022926371,2026720977,2025132651.1018062
40,2026720978,2057526933,1710803620.3854988
41,2057526934,2057534062,1289164260.9542696
