1,1,26644006,2300605646.6717896
2,26644007,32245237,2696761255.6853595
3,32245238,39585240,3271819363.5940375
4,39585241,62725693,5485615702.319477
5,62725694,83248376,4579979059.63002
6,83248377,93948563,5218389772.80977
7,93948564,127355744,6132380335.491171
8,127355745,174250800,6446523638.901586
9,174250801,193896226,5426293034.05475
10,193896227,207007908,4738625336.248107
11,207007909,278624256,4300345165.234107
12,278624257,387251343,3819595378.5660567
13,387251344,395828615,2994004722.5501795
14,395828616,402225594,2306009728.1736298
15,402225595,447907056,1884564991.264988
16,447907057,487601055,1375965100.4521277
17,487601056,505074720,1593556275.0130942
18,505074721,525724416,2656842185.886834
19,525724417,540178847,3963233405.478567
20,540178848,551101840,4714316915.698792
21,551101841,815985898,5309733141.202572
22,815985899,1264686348,5050592651.65347
23,1264686349,1268012657,4691364513.694979
24,1268012658,1273140638,3814315425.4753675
25,1273140639,1278381764,2820917300.504139
26,1278381765,1282345009,2205757855.507893
27,1282345010,1318081415,1842002069.754728
28,1318081416,1325767316,2173581811.2274885
29,1325767317,1335531054,2806422248.2859855
30,1335531055,1348352938,3574743081.567549
31,1348352939,1357791241,4294664415.916842
32,1357791242,1367292430,5004395759.169446
33,1367292431,1654444580,5872916429.672095
34,1654444581,1828961736,5835349193.926788
35,1828961737,2009466394,5651822186.386809
36,2009466395,2013891095,4787766632.135711
37,2013891096,2017779590,4053145879.757446
38,2017779591,2020960735,3406814170.875677
39,2020960736,2025152410,2528657958.997513
40,2025152411,2057496205,1837228067.9230673
41,2057496206,2057500199,1305277665.5984023
