1,1,2061125,27771467.62695091
2,2061126,7541749,307623103.3276607
3,7541750,21313181,1620072149.8469813
4,21313182,25020484,2106808949.6452992
5,25020485,28317480,2443243357.7574
6,28317481,49806816,2774968654.4893827
7,49806817,63180734,3206108173.642359
8,63180735,101627771,3513611274.134132
9,101627772,141090737,3365897723.349909
10,141090738,277128620,2690282808.09374
11,277128621,312108121,3058901201.3947244
12,312108122,410590227,2810453891.5982504
13,410590228,420348805,3161996233.362233
14,420348806,451621035,3861997776.1864095
15,451621036,519652825,3539498828.479451
16,519652826,562361067,3908436653.489495
17,562361068,672544539,3738715785.6732254
18,672544540,713191520,3961764145.5552926
19,713191521,801984286,3683280520.1955967
20,801984287,854506231,3551755967.928056
21,854506232,920528816,3808696113.696805
22,920528817,940710448,3951640878.707074
23,940710449,1101110622,3591846580.9033594
24,1101110623,1135059601,3948257075.78074
25,1135059602,1165531469,3764113043.460241
26,1165531470,1204682593,3905895676.254144
27,1204682594,1248983741,3716470990.8593855
28,1248983742,1280577867,3562251223.3042607
29,1280577868,1345904996,3691953946.6821856
30,1345904997,1364496736,3928867143.246295
31,1364496737,1546172797,3553076464.299176
32,1546172798,1603101789,3539450584.327216
33,1603101790,1684367391,3804431764.80024
34,1684367392,1736139628,3660859422.450461
35,1736139629,1797571429,3376934725.649012
36,1797571430,1820582980,3826090259.074445
37,1820582981,1928090319,3900138834.2837286
38,1928090320,1964939834,3480171488.762473
39,1964939835,2151127972,3643772738.3930864
40,2151127973,2153504869,3437906443.6399302
41,2153504870,2154936834,2904610436.943542
