1,1,27653530,2193630523.3973646
2,27653531,33835280,2771608354.273191
3,33835281,42193879,3489041329.8304353
4,42193880,58958429,5455566767.407889
5,58958430,82134688,4230606362.639182
6,82134689,86108052,5094585010.735208
7,86108053,125022063,5874621502.916226
8,125022064,175651943,6179271072.231739
9,175651944,187232329,5844275412.674679
10,187232330,207946288,4668070364.298107
11,207946289,275659608,4280576620.753655
12,275659609,318555990,4126221980.6561904
13,318555991,386771177,3693022089.886845
14,386771178,389255945,2869943996.1912985
15,389255946,392610501,1862222723.602922
16,392610502,394568489,1249682222.1239715
17,394568490,459959845,819938217.166168
18,459959846,500749559,1206934254.8775136
19,500749560,508162544,1585753008.769587
20,508162545,531292300,2821599094.7851133
21,531292301,542610329,3915933957.1561375
22,542610330,550116607,4677191958.215346
23,550116608,842670717,5242829439.826752
24,842670718,1264995834,5209521798.623581
25,1264995835,1267410397,4492867008.992978
26,1267410398,1270509284,3779489077.1390576
27,1270509285,1275999164,2130497062.2275798
28,1275999165,1319676677,1365243973.0289657
29,1319676678,1329890229,2046941982.853773
30,1329890230,1343106938,2960626396.5361004
31,1343106939,1351319620,3648028923.325843
32,1351319621,1358966594,4267509904.148146
33,1358966595,1367266338,4829069694.487337
34,1367266339,1645864228,5704344660.78287
35,1645864229,2008001477,5712253525.149603
36,2008001478,2011050565,4852250838.782055
37,2011050566,2013398956,4074811231.5059757
38,2013398957,2014869174,3580666469.232574
39,2014869175,2016858762,3043922388.0196137
40,2016858763,2018804148,2375702700.2505503
41,2018804149,2057667831,1005071546.9542773
