1,1,26335350,1947613991.602299
2,26335351,31786045,2669009189.4246697
3,31786046,38304990,3186188782.435525
4,38304991,60036129,5450772642.981521
5,60036130,82628223,4142126851.14686
6,82628224,89520066,5231800171.76161
7,89520067,130591010,5594715511.213587
8,130591011,172240307,6560940392.505591
9,172240308,199361594,4997045871.940616
10,199361595,208838076,4641763464.088938
11,208838077,275068909,4036119681.1149716
12,275068910,319016832,3889813565.881484
13,319016833,386164129,3905815685.5394
14,386164130,395187195,2528331271.587478
15,395187196,399406659,1821463237.8431194
16,399406660,447915848,1461310858.2636898
17,447915849,461819885,1247467332.7858176
18,461819886,494664056,1458986708.6847491
19,494664057,510975887,1957489280.3714266
20,510975888,526493420,2979063770.4759574
21,526493421,534253383,3707786332.77665
22,534253384,543314187,4239375511.541791
23,543314188,1266187340,4552654470.993129
24,1266187341,1272038870,4061352324.5939054
25,1272038871,1276874878,3107713531.9616537
26,1276874879,1279119292,2674062732.311606
27,1279119293,1282158335,2151632304.944952
28,1282158336,1317584702,1846700121.325576
29,1317584703,1324394848,2162542191.13609
30,1324394849,1331352747,2616503696.0265965
31,1331352748,1343217356,3084590675.379618
32,1343217357,1360883535,4392091596.551329
33,1360883536,1371412501,5496096777.792729
34,1371412502,1537353080,5852614252.906939
35,1537353081,2009492568,5494605048.045821
36,2009492569,2015149645,4270859104.130054
37,2015149646,2019690845,3433638691.3755255
38,2019690846,2022704803,2732862104.2177267
39,2022704804,2024979927,2237328148.471355
40,2024979928,2056958656,1840629470.27824
41,2056958657,2057560821,1278867886.9464674
