1,1,26765010,2313461349.422844
2,26765011,31158047,2684257620.66161
3,31158048,42274950,3118299242.2148557
4,42274951,61360850,5606534083.190966
5,61360851,86748536,4568369430.057077
6,86748537,93385235,5093423579.910074
7,93385236,126603665,6070560769.8617735
8,126603666,174908071,6572059434.490607
9,174908072,196169782,5369767312.78946
10,196169783,208687579,4603702086.326639
11,208687580,286534203,4278192879.283416
12,286534204,387298845,3835899805.257003
13,387298846,397646364,2875029125.0229907
14,397646365,403794177,2252406137.4271584
15,403794178,447899584,1929848312.76592
16,447899585,463866236,1385663730.675533
17,463866237,489724396,1663190688.928944
18,489724397,505939071,1798031119.2701774
19,505939072,524368692,3008165219.40301
20,524368693,543841540,4231890879.1102667
21,543841541,553244804,5037342179.37432
22,553244805,815743721,5561234712.449487
23,815743722,991355882,5524657099.512338
24,991355883,1265005621,5286858233.165964
25,1265005622,1268209771,4640561543.740855
26,1268209772,1274214343,3843052178.603596
27,1274214344,1277303170,3389213988.6497025
28,1277303171,1280924009,2814237571.930822
29,1280924010,1318315633,1886914863.2956076
30,1318315634,1325166294,2280775265.837843
31,1325166295,1332966895,2782923161.6766424
32,1332966896,1342190487,3343953247.2336226
33,1342190488,1368855227,4541725588.344692
34,1368855228,1804455480,5926952723.874306
35,1804455481,2009838175,5934385418.6446705
36,2009838176,2020460441,5139865481.489427
37,2020460442,2028493155,3897451136.1416235
38,2028493156,2033218804,3196389204.1763644
39,2033218805,2042491911,2418059432.5655675
40,2042491912,2057250640,2033675892.730395
41,2057250641,2057471516,1325394295.1243696
