1,1,26987862,2119970852.1950986
2,26987863,33193284,2727037588.688937
3,33193285,42086037,3319533253.1706667
4,42086038,59627186,4710055619.741749
5,59627187,80968897,4467540983.2224245
6,80968898,86257642,5089038299.049339
7,86257643,91968392,5569528745.114458
8,91968393,140042482,5871340681.8262005
9,140042483,174574473,6431658237.838024
10,174574474,186826369,5853927992.561938
11,186826370,207946770,4683565946.450047
12,207946771,276134714,4338877847.701102
13,276134715,386492057,3714363049.7796187
14,386492058,388535696,2811939574.62647
15,388535697,391597771,1620541795.8683882
16,391597772,393253708,952955608.5654837
17,393253709,456982536,704731634.2514287
18,456982537,504466028,1098983511.9404922
19,504466029,514242877,1878550911.0691936
20,514242878,521913421,2356699431.7213006
21,521913422,533526417,2941087116.8295283
22,533526418,548300771,4439387347.624849
23,548300772,820654684,5196704991.620256
24,820654685,1266094524,4802018040.778338
25,1266094525,1269649933,3601329766.662878
26,1269649934,1271258110,2962346964.82915
27,1271258111,1274332939,1958631800.542595
28,1274332940,1317151427,1160727614.0988314
29,1317151428,1333152474,1946549804.1970754
30,1333152475,1340732046,2679794795.0775247
31,1340732047,1347036448,3389616276.705761
32,1347036449,1358357479,3899781752.303836
33,1358357480,1372217514,4901931045.72968
34,1372217515,1632382044,5127632890.304603
35,1632382045,2008211152,5244761861.660935
36,2008211153,2009963801,5151951494.650181
37,2009963802,2011797588,4418605103.556153
38,2011797589,2013884137,3621179683.148141
39,2013884138,2016896834,2410347226.6580257
40,2016896835,2057686498,1159235262.2277777
41,2057686499,2057752619,820098092.2695224
