1,1,4253487,27732137.80775665
2,4253488,22537344,1619125839.7290084
3,22537345,25704580,2202020939.652521
4,25704581,35148935,2545800523.497136
5,35148936,63833631,3112764762.0034328
6,63833632,101170154,3514799402.081824
7,101170155,139800775,3363042116.0199933
8,139800776,171993299,3121596723.5814586
9,171993300,206267345,3303038246.6682563
10,206267346,275919164,3126703414.4396577
11,275919165,302335621,3396561859.157009
12,302335622,415881784,2997328642.560401
13,415881785,452544561,3847898101.0637255
14,452544562,519934512,3673638042.687814
15,519934513,562061345,3889140334.6114345
16,562061346,675721463,3773797951.3463182
17,675721464,710616180,4075122373.436232
18,710616181,807955318,3697766052.82456
19,807955319,852669996,3546043496.92012
20,852669997,945756215,3827109329.542218
21,945756216,968648688,3757826748.334962
22,968648689,1008316059,3574243445.981688
23,1008316060,1105646285,3696255452.177431
24,1105646286,1129980314,3966515434.445281
25,1129980315,1164291136,3779549792.200337
26,1164291137,1204463076,3931355811.1462784
27,1204463077,1248950777,3762371153.261456
28,1248950778,1283020202,3611416565.931904
29,1283020203,1351786179,3738063465.7458634
30,1351786180,1364781577,3988414500.536473
31,1364781578,1417310485,3477838496.633352
32,1417310486,1439743908,3488180282.49226
33,1439743909,1546170694,3669336894.381968
34,1546170695,1605722508,3569314102.036663
35,1605722509,1733965174,3775263657.071608
36,1733965175,1749740626,3559062879.4664683
37,1749740627,1794394734,3391592239.505585
38,1794394735,1820009832,3822985008.933005
39,1820009833,1924639881,3691594426.6045656
40,1924639882,1961475444,2966124175.6960087
41,1961475445,2152993241,3214527617.100657
