1,1,1276900,27775717.06108455
2,1276901,8179434,346363435.00681573
3,8179435,20104259,1609540291.251041
4,20104260,23663583,1966206610.9412768
5,23663584,27860647,2306996262.6944284
6,27860648,48082732,2742161658.1014366
7,48082733,61910316,3198627329.7883906
8,61910317,111729437,3518135293.891431
9,111729438,141388972,3390625268.100943
10,141388973,276271955,3095199184.005868
11,276271956,412345212,3211256289.0221286
12,412345213,430200585,3595803071.1771045
13,430200586,453018283,3954317371.465444
14,453018284,492187897,3744611586.8392286
15,492187898,672483752,3829127700.1159496
16,672483753,713743131,4040096289.5499706
17,713743132,737214026,3699730201.399096
18,737214027,776465182,3894883415.0919633
19,776465183,847687694,3592471845.0614
20,847687695,921761230,3804835876.918896
21,921761231,946856358,3920574873.6048727
22,946856359,1024629207,3660480154.7098894
23,1024629208,1102628439,3702113338.13776
24,1102628440,1206193844,3761256093.033048
25,1206193845,1336766797,3699934392.92708
26,1336766798,1380694513,3897577352.92583
27,1380694514,1560336395,3651414848.194889
28,1560336396,1599651247,3584556139.288636
29,1599651248,1732158761,3579754440.956207
30,1732158762,1748067059,3663752389.2679152
31,1748067060,1785564275,3389591071.895984
32,1785564276,1805028208,3731335198.757816
33,1805028209,1879500405,3967412233.939239
34,1879500406,1912858229,4105107301.970722
35,1912858230,1929564925,3924971337.940727
36,1929564926,1966775786,3481536701.5833416
37,1966775787,2152849519,3558278994.3286643
38,2152849520,2153842877,2887375499.1384377
39,2153842878,2154276041,2462450349.168764
40,2154276042,2154568336,2131985950.0561209
41,2154568337,2154692585,1650773824.949981
