1,1,25703875,2039866478.9042773
2,25703876,30430908,2609717994.4510503
3,30430909,38873008,3025948851.5223384
4,38873009,73534262,4068208327.6471605
5,73534263,85187810,4956946994.489161
6,85187811,88884361,5266002298.002284
7,88884362,132124436,5544100888.392872
8,132124437,177840869,6464806836.789774
9,177840870,203860625,4944673257.277714
10,203860626,209858983,4495397409.479389
11,209858984,266964471,4303708670.090287
12,266964472,317198409,4137900070.125401
13,317198410,387884535,3628977964.918922
14,387884536,393720360,2257983806.8206778
15,393720361,395818598,1787059229.875552
16,395818599,397417602,1459373003.2283854
17,397417603,462704096,1051901478.7254062
18,462704097,499209761,1454146431.2012277
19,499209762,506533936,1877428537.7550929
20,506533937,523933088,2813186495.5742817
21,523933089,544699300,4282334460.8138785
22,544699301,551749751,4929676340.957929
23,551749752,858961934,4726236343.766291
24,858961935,1265771156,4816093830.372849
25,1265771157,1268810637,4467617644.904046
26,1268810638,1272139476,3873547004.351972
27,1272139477,1276850022,2889787277.1736274
28,1276850023,1323712215,1763730971.0022473
29,1323712216,1344742657,2961930807.2201037
30,1344742658,1352226973,4011331020.400465
31,1352226974,1359704833,4571707301.9864
32,1359704834,1369523261,5047746787.555904
33,1369523262,1639551926,6172647555.625223
34,1639551927,1817739004,6098544102.61703
35,1817739005,2009030195,5754197188.294527
36,2009030196,2012703630,4840949623.319424
37,2012703631,2017247015,3918252650.8793283
38,2017247016,2019203055,3346095970.968037
39,2019203056,2021750517,2822358692.170954
40,2021750518,2024732723,2181735030.073782
41,2024732724,2057612287,1328921107.2585316
