1,1,2100121,27715590.950083528
2,2100122,7682556,466620444.170963
3,7682557,18560211,1467743922.354191
4,18560212,23151613,1870689215.7622857
5,23151614,27014251,2243384364.6283937
6,27014252,38089051,2589429247.2944984
7,38089052,62793533,3219341398.9358683
8,62793534,101564813,3481645412.6579137
9,101564814,140944663,2951450498.120737
10,140944664,275064766,2657077565.357225
11,275064767,412435427,2806516966.341661
12,412435428,424074706,3380135596.6407857
13,424074707,452887036,3888117872.032866
14,452887037,519520547,3693349286.771952
15,519520548,672567484,3774038606.0694375
16,672567485,713660509,4031089684.170647
17,713660510,735995524,3693566548.059535
18,735995525,775938942,3858547531.4108152
19,775938943,853393370,3593294508.186984
20,853393371,921553455,3836433451.947072
21,921553456,946529779,3985119523.1934495
22,946529780,969256742,3688684596.434224
23,969256743,1008778971,3515199533.443576
24,1008778972,1099254360,3609445907.5608873
25,1099254361,1148753457,3997154930.443665
26,1148753458,1165566950,3831399365.549248
27,1165566951,1205484365,3960720149.296701
28,1205484366,1338275747,3628574399.54192
29,1338275748,1388547517,3893738666.4145775
30,1388547518,1540061983,3641413976.773233
31,1540061984,1601778305,3557685127.922152
32,1601778306,1684473886,3896480585.521746
33,1684473887,1736976892,3769333434.472884
34,1736976893,1789739518,3379792578.858124
35,1789739519,1806352622,3700430620.962255
36,1806352623,1920629996,3952640777.807333
37,1920629997,1930033314,3877747854.858138
38,1930033315,1968110786,3550017364.78074
39,1968110787,2152442281,3727367259.450005
40,2152442282,2153658354,3381762137.4577045
41,2153658355,2154884732,2591751299.7129765
