1,1,27544832,2328006804.0566278
2,27544833,34328355,2800771829.460673
3,34328356,44511891,3435523640.323273
4,44511892,86135031,4642823982.774472
5,86135032,99844440,5340133692.364911
6,99844441,175876507,6212885843.443815
7,175876508,187441005,5846055851.512692
8,187441006,207689720,4696847477.888687
9,207689721,287863682,4240570724.1856
10,287863683,385927149,3378107016.7403784
11,385927150,387390863,2417301609.704282
12,387390864,389315191,1755732809.4799736
13,389315192,390135795,926342336.9211432
14,390135796,454938914,445047437.1365591
15,454938915,506733604,677341289.4106878
16,506733605,519535775,1694874279.3577876
17,519535776,529778182,2733967895.918062
18,529778183,538059141,3396922305.519243
19,538059142,550865015,4230919578.40258
20,550865016,826232086,5238057865.835289
21,826232087,1003900330,5325940604.831737
22,1003900331,1265166196,5178147653.552318
23,1265166197,1266358065,4117544023.0236735
24,1266358066,1267397815,3647825462.729734
25,1267397816,1268515894,2941429602.10329
26,1268515895,1270022339,2135920196.9057782
27,1270022340,1271691205,1372480440.8206086
28,1271691206,1317391368,735548478.443595
29,1317391369,1327926302,1203317146.7659364
30,1327926303,1336195529,1984376979.007532
31,1336195530,1348149869,2989811038.5146394
32,1348149870,1360687404,3755349457.251094
33,1360687405,1375392535,4868625693.404427
34,1375392536,1758659819,6071596794.109331
35,1758659820,2008523386,5960328069.013805
36,2008523387,2010328174,4885074412.821466
37,2010328175,2011826348,3670580759.693685
38,2011826349,2012747442,2967740867.5224295
39,2012747443,2013598411,2327372757.601356
40,2013598412,2015061156,1503443865.991328
41,2015061157,2057999795,513443187.8523195
