1,1,1318113,27761476.07829818
2,1318114,7602971,451662039.3684295
3,7602972,21842509,1570536110.6987493
4,21842510,25649031,2131127121.333917
5,25649032,29050599,2527557326.745292
6,29050600,52120955,2888468351.8076267
7,52120956,63528311,3273241547.223381
8,63528312,102550539,3566990223.6997824
9,102550540,139944682,3392753095.73424
10,139944683,172515873,3130189108.8180146
11,172515874,206871849,3311565347.1168704
12,206871850,279489130,3133898580.058793
13,279489131,302335899,3420097568.967423
14,302335900,418855249,3204225393.815609
15,418855250,452756909,3768121053.8477626
16,452756910,491504500,3737540445.602837
17,491504501,677131886,3702056568.604736
18,677131887,709347853,4030002134.04054
19,709347854,734516564,3703726531.47056
20,734516565,776444058,3875508493.7910414
21,776444059,848335625,3548457582.1843104
22,848335626,922573596,3823908936.108821
23,922573597,947482369,4007193075.469436
24,947482370,1099200278,3618126241.315408
25,1099200279,1138364257,4019541251.223996
26,1138364258,1207054456,3318250071.3163867
27,1207054457,1337438447,3206020695.3986306
28,1337438448,1381254740,3478986882.965421
29,1381254741,1546456705,3282390346.899669
30,1546456706,1601618019,3515193855.804995
31,1601618020,1684375092,3849500267.674101
32,1684375093,1742624914,3733960366.784519
33,1742624915,1788627207,3410190605.47278
34,1788627208,1805137813,3663340533.058399
35,1805137814,1880239090,3892791104.754585
36,1880239091,1918894012,4161096204.588157
37,1918894013,1929651841,3926536456.526016
38,1929651842,1968766404,3549923014.710433
39,1968766405,2152576254,3542722874.03643
40,2152576255,2154533598,3071577435.143386
41,2154533599,2154870584,2604807432.283427
