1,1,26264071,2306239220.5767884
2,26264072,30352171,2634910026.3078194
3,30352172,34779386,3015580276.4412494
4,34779387,47204748,3708041717.7275405
5,47204749,59241428,5590639754.007938
6,59241429,82041025,4518619370.803365
7,82041026,84965338,5068954202.569966
8,84965339,91519201,5067715017.718259
9,91519202,124149059,6141039445.5153885
10,124149060,170373946,6581912702.586205
11,170373947,188857762,5823649541.197084
12,188857763,207802911,4697746338.976374
13,207802912,278066436,4328662980.995116
14,278066437,320250120,4146559727.8044677
15,320250121,386357677,3524719654.010187
16,386357678,388450132,2610969074.7886295
17,388450133,390175368,1738719238.0534842
18,390175369,391152061,1082529504.2530608
19,391152062,391850709,932078685.6399059
20,391850710,456581961,561666235.4027299
21,456581962,501530579,793287281.3655092
22,501530580,513962825,1334043028.9744484
23,513962826,536325906,3024392133.660859
24,536325907,548196642,4125645187.6401772
25,548196643,553387912,4814547916.475267
26,553387913,1265040676,5173670832.016769
27,1265040677,1266500753,4510278457.660025
28,1266500754,1268599336,3641330937.6838145
29,1268599337,1272694981,1965871567.8747656
30,1272694982,1274155083,1178348510.3564038
31,1274155084,1318508457,952837009.2887701
32,1318508458,1326081870,1489876887.0914443
33,1326081871,1334077209,1980228920.7299223
34,1334077210,1345563151,2782756132.480143
35,1345563152,1364504941,4267177908.6186085
36,1364504942,2008433900,5426259986.027979
37,2008433901,2011441550,3970711055.684097
38,2011441551,2014292377,2876880414.023866
39,2014292378,2015312950,2189988951.6454077
40,2015312951,2016983864,1466713775.7831945
41,2016983865,2057897013,649282176.9197115
