1,1,3061638,27777654.29124112
2,3061639,7760428,392390808.6036068
3,7760429,22300779,1569107923.4479802
4,22300780,25731993,2162010910.706533
5,25731994,29287421,2530407118.6033955
6,29287422,48294404,2803380795.109045
7,48294405,64005276,3173902556.9670067
8,64005277,102123358,3522423665.9033933
9,102123359,141831363,3351874210.279733
10,141831364,277055310,3130808542.6179214
11,277055311,412694153,3210786882.584649
12,412694154,429558567,3544005149.2144423
13,429558568,453535210,3920426453.0922847
14,453535211,520461572,3716233007.739447
15,520461573,563702868,3835250482.8431406
16,563702869,669917217,3769026722.0530014
17,669917218,710941175,4020451007.2482114
18,710941176,738975444,3691152447.065808
19,738975445,775136320,3863817800.523601
20,775136321,853121717,3557960833.583914
21,853121718,920715116,3819493324.3566937
22,920715117,946472304,3948710014.1248536
23,946472305,1102267781,3185411387.17298
24,1102267782,1135442127,3976786758.213574
25,1135442128,1170122749,3422665905.019829
26,1170122750,1204040853,3940903412.447954
27,1204040854,1249025216,3310751413.729921
28,1249025217,1281481229,3161501945.074068
29,1281481230,1345087902,3392314698.292924
30,1345087903,1365053081,3925456782.5132737
31,1365053082,1546029481,3514147097.874349
32,1546029482,1602527521,3527275867.8015423
33,1602527522,1728475044,3793764756.1316
34,1728475045,1750834061,3554985982.840334
35,1750834062,1788436172,3394142619.167032
36,1788436173,1803494420,3646843869.324957
37,1803494421,1927800488,3906396281.9559393
38,1927800489,1962819956,3474437616.329005
39,1962819957,2152594439,3657441970.81114
40,2152594440,2153891156,3125085372.213021
41,2153891157,2154851604,2526092468.977576
