1,1,2290195,27753047.602089785
2,2290196,7278257,321287055.5295943
3,7278258,17317693,1523466878.641279
4,17317694,22869419,1907708511.0712807
5,22869420,27138993,2233824777.114148
6,27138994,48715861,2740018318.277331
7,48715862,62846277,3178519762.8394384
8,62846278,101840189,3549120451.527671
9,101840190,140601615,3392687989.9776587
10,140601616,279901475,3113336045.90467
11,279901476,302005860,3388223117.739864
12,302005861,413570481,3222615907.830011
13,413570482,430574427,3532968281.599192
14,430574428,453267745,3894638276.6302896
15,453267746,519612028,3703157779.1763935
16,519612029,670734489,3776200154.519451
17,670734490,709852089,3997383258.2296
18,709852090,776143560,3726507722.864978
19,776143561,865243360,3508229752.7562094
20,865243361,948037818,3826954385.633543
21,948037819,968435335,3675457723.398744
22,968435336,1008345543,3575777879.464597
23,1008345544,1103248625,3560388048.0505347
24,1103248626,1141246448,3939947110.8207407
25,1141246449,1166187010,3756164348.711733
26,1166187011,1204534386,3876140813.989175
27,1204534387,1253211003,3736081227.3907113
28,1253211004,1279503936,3606797574.058037
29,1279503937,1352131033,3701876422.819735
30,1352131034,1365195064,3958715090.737765
31,1365195065,1551536031,3611199664.491469
32,1551536032,1600068538,3555139544.2429924
33,1600068539,1733083728,3706522571.8544087
34,1733083729,1800130905,3299321742.7887244
35,1800130906,1928074406,3905353987.557894
36,1928074407,1965373732,3450266443.771077
37,1965373733,2152356635,3664523954.818876
38,2152356636,2153029639,3323788059.3562884
39,2153029640,2154341691,2614395387.0816154
40,2154341692,2154632872,2015701380.883936
41,2154632873,2154936710,1449286121.530506
