1,1,1709381,27780700.63377728
2,1709382,6944889,506717427.0072541
3,6944890,20748360,1474866390.0487864
4,20748361,24689914,2026451401.2509344
5,24689915,29286899,2432413874.049034
6,29286900,51191128,2887114496.182013
7,51191129,64793750,3298046946.3903084
8,64793751,101680084,3562820845.9226136
9,101680085,139512348,3379399070.4830585
10,139512349,279418915,3003830805.592687
11,279418916,302746452,3341358201.6882405
12,302746453,420440966,3214254021.878977
13,420440967,450501000,3718771721.837872
14,450501001,519766781,3708854278.89704
15,519766782,674928544,3787547424.1455297
16,674928545,715876384,4013717304.10044
17,715876385,733328158,3692006622.701104
18,733328159,773774270,3856455038.273221
19,773774271,852103164,3554179837.277685
20,852103165,921913612,3737179172.49718
21,921913613,941962600,3910094972.1142673
22,941962601,968959316,3705508221.543812
23,968959317,1007641248,3592395376.584339
24,1007641249,1106819019,3695183865.603647
25,1106819020,1139506502,3991015327.614719
26,1139506503,1166513484,3745898361.432237
27,1166513485,1205374579,3820207690.819514
28,1205374580,1338669757,3613071094.273432
29,1338669758,1379414730,3911690937.026372
30,1379414731,1551151207,3081381111.6493807
31,1551151208,1601360769,3157288073.279396
32,1601360770,1683310577,3474613727.467069
33,1683310578,1735662162,3294615441.8007197
34,1735662163,1789168718,3373540635.808271
35,1789168719,1804859542,3648561231.175266
36,1804859543,1927528822,3932346561.201727
37,1927528823,1964001898,3480137448.086657
38,1964001899,2152595080,3542966102.545225
39,2152595081,2153465761,3094683221.9477687
40,2153465762,2154640746,2054451368.2464075
41,2154640747,2154925249,1509170250.1626823
