1,1,27118749,2171933996.2352295
2,27118750,32530184,2767269828.398671
3,32530185,39511282,3275564441.173232
4,39511283,60049692,5207163132.539866
5,60049693,85174432,4515185823.124513
6,85174433,95144350,5426201773.236147
7,95144351,124863106,6265686199.889955
8,124863107,174580234,6529456717.871673
9,174580235,187418798,5748549850.489967
10,187418799,207222266,4699573026.294174
11,207222267,274935745,3806988881.7936616
12,274935746,319011276,3963300221.185729
13,319011277,386823718,3740947206.595867
14,386823719,390294658,2924786248.0163727
15,390294659,394584519,2160204656.957384
16,394584520,396241854,1717598844.0234296
17,396241855,397485366,1450497757.949557
18,397485367,462019140,1042070123.4075369
19,462019141,497029102,1394416510.4269416
20,497029103,511579580,1978069995.2842503
21,511579581,528928174,3260242756.8474755
22,528928175,537354467,3848531268.42497
23,537354468,547657490,4394570599.451146
24,547657491,1264662953,5056013711.455564
25,1264662954,1270882807,4076011799.6150556
26,1270882808,1276031079,3084001107.7004333
27,1276031080,1278945451,2526212540.933577
28,1278945452,1281110638,2043362199.4882517
29,1281110639,1319225554,1778377461.0108013
30,1319225555,1326484446,2221074527.094297
31,1326484447,1335354489,2710043731.3833632
32,1335354490,1354369197,3643684749.4531007
33,1354369198,1370813434,5242051984.388762
34,1370813435,1459675753,5764340750.826697
35,1459675754,2007819255,5562327386.720982
36,2007819256,2012582233,4733579182.853052
37,2012582234,2017224292,3725821299.0175714
38,2017224293,2019976764,3125086505.3093343
39,2019976765,2022418538,2617067785.5378113
40,2022418539,2024809102,2070093306.5078244
41,2024809103,2057593933,1246408684.853197
