1,1,27790124,2294772781.426432
2,27790125,34831685,2767672151.1725445
3,34831686,47269160,3500240951.707347
4,47269161,63608223,5051608541.103371
5,63608224,82774901,4480001464.062612
6,82774902,89204129,5163984591.575639
7,89204130,110667780,5486166664.580559
8,110667781,176413330,6446342222.689508
9,176413331,188968338,5638880091.748909
10,188968339,206944909,4674779197.782217
11,206944910,277539022,4214666014.5133286
12,277539023,385960298,3580802990.927667
13,385960299,387604418,2582281846.8582754
14,387604419,388761889,1827050432.108517
15,388761890,389877257,1222963504.9559164
16,389877258,390452918,765349369.0063589
17,390452919,454920033,458733862.68760484
18,454920034,503059336,672797343.1241442
19,503059337,514787616,1344129442.0562453
20,514787617,527205768,2252769331.0857334
21,527205769,533785419,3155173611.065492
22,533785420,547278510,3754962224.4535713
23,547278511,1265541087,4791897912.551516
24,1265541088,1267792568,3521161013.2612214
25,1267792569,1269516883,2536314897.0548005
26,1269516884,1270682600,1887532145.8100119
27,1270682601,1271923677,1252956037.9863405
28,1271923678,1317196561,738609480.0347217
29,1317196562,1327678371,1366324294.5234387
30,1327678372,1336358193,1996393949.360109
31,1336358194,1347854506,2912589009.3867245
32,1347854507,1354953626,3725345790.8833094
33,1354953627,1364394229,4415676613.839309
34,1364394230,2007968843,5424683616.919591
35,2007968844,2008832352,5262043735.070634
36,2008832353,2009743435,4628544376.708125
37,2009743436,2011174272,3873991249.77531
38,2011174273,2012557495,2877002393.9749565
39,2012557496,2014108852,1900890133.5634737
40,2014108853,2015184329,1250544771.9655604
41,2015184330,2058064417,588877529.9969618
