1,1,281199,27753475.02016493
2,281200,8325767,611403938.549449
3,8325768,20332627,1558673015.592983
4,20332628,24235167,1975419193.9267373
5,24235168,27699445,2359563786.6815367
6,27699446,52760277,2866263503.730492
7,52760278,63528462,3320843801.102794
8,63528463,104800719,3578312004.9525576
9,104800720,140032065,3301822936.90092
10,140032066,172303260,3143271608.5997515
11,172303261,206425192,3294948027.019909
12,206425193,273932988,3122253843.95864
13,273932989,301864047,3382124924.869937
14,301864048,421082396,3210646807.857364
15,421082397,452071448,3777593367.4491935
16,452071449,519374052,3709723655.109624
17,519374053,675623813,3792613529.51298
18,675623814,709307047,4119488560.723236
19,709307048,735044232,3703668671.767376
20,735044233,775836351,3869871049.264839
21,775836352,854134386,3582219357.007164
22,854134387,922346618,3841238245.183648
23,922346619,938286539,3995869793.475911
24,938286540,1094643555,3031263469.943464
25,1094643556,1205749541,3354769393.082394
26,1205749542,1348341152,3156443667.905192
27,1348341153,1375736622,3909184245.318383
28,1375736623,1545268183,3630071567.89126
29,1545268184,1601105854,3472494262.568551
30,1601105855,1733848042,3796213803.7581697
31,1733848043,1788749711,3383949803.2047486
32,1788749712,1805661589,3690309135.471311
33,1805661590,1879965455,3948296949.4165406
34,1879965456,1921355141,4110591548.945052
35,1921355142,1929590128,3851181553.515911
36,1929590129,1967262106,3571672687.934697
37,1967262107,2152499027,3652359543.624067
38,2152499028,2153633457,3137064377.864716
39,2153633458,2154177063,2739901062.130619
40,2154177064,2154702767,2349388556.0842733
41,2154702768,2154829509,2101655349.889198
