1,1,817076,27783799.314657982
2,817077,6216629,255313126.316741
3,6216630,21913574,1498427001.0595024
4,21913575,25524010,2145707697.9553468
5,25524011,31151272,2516938263.0060883
6,31151273,52577687,2942270694.3164864
7,52577688,137831008,2906493712.8965592
8,137831009,277680242,2788813659.8506165
9,277680243,427903799,3091920490.716452
10,427903800,449450872,3198830230.800036
11,449450873,535390658,2689588131.2537403
12,535390659,549636852,2289930943.4320507
13,549636853,568461173,3148212644.265144
14,568461174,595694053,2418505917.452504
15,595694054,686060549,2385876761.522816
16,686060550,750374766,2938287091.423163
17,750374767,766782863,3335786481.8332224
18,766782864,785933784,3005202209.80081
19,785933785,838419679,2746809270.05554
20,838419680,882362224,2820618088.969649
21,882362225,1049200606,2493766276.785319
22,1049200607,1193239536,2861137857.160052
23,1193239537,1217987457,2968275056.3863983
24,1217987458,1334503164,3033047463.0435805
25,1334503165,1412019699,2884785902.95883
26,1412019700,1453659035,2849164140.802782
27,1453659036,1472534382,3127345867.8717675
28,1472534383,1652770484,2761556066.597622
29,1652770485,1683286354,3342886722.860661
30,1683286355,1732254280,2597086646.6079736
31,1732254281,1801572154,2797359539.57264
32,1801572155,1915661077,1859814354.601228
33,1915661078,1960255128,2207912648.776614
34,1960255129,2079538454,2456443641.0559654
35,2079538455,2141730492,3040947440.2000027
36,2141730493,2152617177,2790282362.4543657
37,2152617178,2153309169,2602728093.9672155
38,2153309170,2153760645,2029611113.8999488
39,2153760646,2154221518,1146559380.9170294
40,2154221519,2154525306,699291350.3222048
41,2154525307,2155022999,137266807.64447778
