1,1,2875389,27746331.825407688
2,2875390,7601387,407546155.44468457
3,7601388,19972834,1418616708.6937296
4,19972835,23539194,1949628684.184443
5,23539195,27914396,2357554619.4448247
6,27914397,48637465,2743783272.0831285
7,48637466,63528434,3247753332.8813176
8,63528435,112943369,3439617343.3234982
9,112943370,138501158,3345978406.4134345
10,138501159,170647353,3118599691.1547537
11,170647354,205120365,3279804604.5033207
12,205120366,267869210,3107408466.1301
13,267869211,412731582,3254734096.317089
14,412731583,426366887,3626044915.512608
15,426366888,453380658,3958359968.7565374
16,453380659,491655275,3731315533.036794
17,491655276,673887727,3641148908.704543
18,673887728,712419913,3669023803.460728
19,712419914,735383001,3288431326.891989
20,735383002,775941967,3476163678.1888747
21,775941968,853868801,3143941507.502344
22,853868802,921814458,3417913604.451381
23,921814459,948165037,3991083663.372042
24,948165038,1026041424,3188327107.694677
25,1026041425,1073682207,3790241589.731288
26,1073682208,1105144898,3719849865.943268
27,1105144899,1205271047,3832354601.184899
28,1205271048,1286691885,3683245316.894185
29,1286691886,1393046949,3722277314.067983
30,1393046950,1551639209,3671416897.245952
31,1551639210,1600731348,3589828393.0130587
32,1600731349,1727212103,3860136612.982436
33,1727212104,1748429301,3553439742.6172247
34,1748429302,1793505557,3106494996.7261405
35,1793505558,1812740492,3765383043.177273
36,1812740493,1879107020,4021969545.91674
37,1879107021,1917678067,4169729649.131944
38,1917678068,1930038592,3850677616.811041
39,1930038593,1966739298,3507954288.202177
40,1966739299,2152562843,3600847177.29248
41,2152562844,2154859565,3071476571.4721446
