1,1,27705854,2290666823.913434
2,27705855,33619358,2773812116.4887094
3,33619359,40732084,3374046884.248326
4,40732085,58940598,5212856644.177157
5,58940599,79718568,4324170490.525598
6,79718569,89220890,5251170221.603742
7,89220891,96856646,5365291578.569449
8,96856647,158060822,6069757112.992688
9,158060823,173690952,6416306131.964256
10,173690953,185988561,5033996444.826516
11,185988562,216334334,4113815897.3130407
12,216334335,275458669,3857908073.946261
13,275458670,386529559,3507023890.949508
14,386529560,392320255,2999626651.465883
15,392320256,403517817,2281237276.1112137
16,403517818,447934783,1774636633.961933
17,447934784,488595280,1111109275.5964315
18,488595281,499959768,1487597663.590834
19,499959769,510316053,1955757886.359439
20,510316054,520221889,2853321502.3084807
21,520221890,530782193,3482041560.2867947
22,530782194,538737381,3892514707.4696445
23,538737382,546703096,4493657724.8739
24,546703097,1266669484,4861605306.968933
25,1266669485,1271378111,4028527412.2347646
26,1271378112,1276256504,2950971497.7571344
27,1276256505,1279252533,2396588488.65914
28,1279252534,1281885203,1949108789.6322017
29,1281885204,1315790504,1734465439.7667408
30,1315790505,1322442715,2043249951.2764883
31,1322442716,1330160765,2463872029.585986
32,1330160766,1340810383,3116158751.3581967
33,1340810384,1353781787,3697704514.287527
34,1353781788,1366239328,4636859432.403783
35,1366239329,2008922274,5128543222.775448
36,2008922275,2013534594,4335363386.364798
37,2013534595,2018296749,3427819226.2292733
38,2018296750,2021761640,2769100180.9760714
39,2021761641,2025791092,1897364658.6107285
40,2025791093,2057531308,1739414987.2264047
41,2057531309,2057654232,1123406883.774034
