1,1,26425726,2121614182.54123
2,26425727,32447333,2689871091.9277835
3,32447334,40736600,3358913901.534977
4,40736601,61140272,5643569185.27785
5,61140273,72411012,3915998598.8080096
6,72411013,84067787,4819817416.583215
7,84067788,93782398,5052695339.654325
8,93782399,132807018,5953001975.553231
9,132807019,175392833,6514416050.4731655
10,175392834,198135307,5181441286.276934
11,198135308,208194386,4634472040.041557
12,208194387,283718171,4264702214.6344347
13,283718172,387909824,3761566355.032535
14,387909825,396180072,2895376624.3090806
15,396180073,402262956,2327844952.975612
16,402262957,447935048,1778659051.7982004
17,447935049,462526596,1211787363.6740625
18,462526597,498727572,1447473732.6642668
19,498727573,509265477,2157386036.498114
20,509265478,521275227,2909780556.469635
21,521275228,528906839,3419165481.031122
22,528906840,536474170,3906817902.320473
23,536474171,546303815,4379488589.934517
24,546303816,1264166118,5063928958.685706
25,1264166119,1270664482,4252853077.843248
26,1270664483,1274206400,3644495867.2672715
27,1274206401,1277890703,2834707736.905577
28,1277890704,1281822326,2308983507.27546
29,1281822327,1319527606,1848556637.572881
30,1319527607,1329609599,2308372985.2516522
31,1329609600,1343984172,3121241672.00992
32,1343984173,1358199743,4193937901.706618
33,1358199744,1369985419,5213350708.06988
34,1369985420,1465085646,5815995863.800115
35,1465085647,2009534208,5438889250.654196
36,2009534209,2014068757,4512768728.715741
37,2014068758,2017941607,3778289336.780241
38,2017941608,2020636180,3147134703.425098
39,2020636181,2024835472,2549994679.0659604
40,2024835473,2057507814,1850113651.4918585
41,2057507815,2057536631,1295346920.1147041
