1,1,7646274,27719198.557400167
2,7646275,18495529,1477152743.4715264
3,18495530,22277502,1850748752.422112
4,22277503,25520111,2169576780.8769145
5,25520112,34943134,2486321802.627292
6,34943135,62225142,3011080492.0692377
7,62225143,101512680,3502809388.196014
8,101512681,141924243,3372489785.474765
9,141924244,174813411,3103013708.5553293
10,174813412,204127929,3284075620.594769
11,204127930,267004913,3100281862.4756145
12,267004914,421291362,3200173488.557734
13,421291363,452405330,3911154527.611081
14,452405331,519556489,3706612064.076392
15,519556490,561499448,3925911086.749129
16,561499449,662563329,3784966864.781517
17,662563330,701745383,4065584126.428295
18,701745384,734807769,3692823634.068116
19,734807770,775945082,3891185459.359005
20,775945083,852076118,3604071856.807821
21,852076119,922568084,3822975634.806656
22,922568085,935974115,4076977397.720336
23,935974116,968493966,3818630189.311717
24,968493967,1009229636,3557067495.855964
25,1009229637,1098155072,3712764846.4447393
26,1098155073,1139451851,4015300768.573774
27,1139451852,1166243619,3815991605.953371
28,1166243620,1206936276,3947334494.417296
29,1206936277,1337371616,3697030772.5629086
30,1337371617,1381094293,3914027041.2872624
31,1381094294,1538430624,3655437830.463428
32,1538430625,1602966310,3624880293.6218734
33,1602966311,1684410884,3888592964.809237
34,1684410885,1735614700,3802778868.595881
35,1735614701,1788783252,3407159810.8465543
36,1788783253,1805026462,3702728317.271871
37,1805026463,1920518184,3977434850.63267
38,1920518185,1929646038,3858972687.158371
39,1929646039,1967338044,3521926694.9213014
40,1967338045,2152536855,3689048177.814875
41,2152536856,2154872220,3261619857.2162843
