1,1,27880601,2311906368.121923
2,27880602,32761759,2766974233.224165
3,32761760,37890969,3331263973.9299803
4,37890970,43722740,4061843803.518647
5,43722741,62004408,5141910565.494133
6,62004409,84098382,4572326020.10062
7,84098383,91305218,5302702808.647419
8,91305219,127215246,5601873063.45198
9,127215247,173109257,6357502160.906738
10,173109258,194153655,5395624934.951077
11,194153656,208125455,4630852815.148943
12,208125456,284903059,4286456385.6821284
13,284903060,387876134,3690036601.850974
14,387876135,391955865,2967714738.66564
15,391955866,398138385,2083222270.8833103
16,398138386,400118367,1704268962.923306
17,400118368,447915280,1459039536.9155111
18,447915281,462338856,1271347459.8395417
19,462338857,490647928,1451311394.3503153
20,490647929,505155470,1625618865.5189357
21,505155471,521028982,2479138400.901288
22,521028983,536447761,3704686707.611721
23,536447762,547846054,4404656805.441479
24,547846055,814475360,5128091193.525905
25,814475361,1265217966,5185971695.178246
26,1265217967,1269868244,4381176741.03562
27,1269868245,1276472919,3231043566.2825565
28,1276472920,1281471206,2281558787.1710095
29,1281471207,1321138591,1847665845.488192
30,1321138592,1333066211,2439072537.6802163
31,1333066212,1341291641,3196594181.386011
32,1341291642,1351016385,3798325320.9439635
33,1351016386,1371298624,4974497802.160306
34,1371298625,1622549859,5884156671.013796
35,1622549860,2008308102,5777604393.721952
36,2008308103,2011292160,5207422274.588741
37,2011292161,2015263393,4356793499.870354
38,2015263394,2020484681,3263463887.7052207
39,2020484682,2024085421,2342245318.0451727
40,2024085422,2057530656,1744949902.2707686
41,2057530657,2057560065,1278338408.8242555
