1,1,3159506,27767458.12938449
2,3159507,7601656,390629139.5603949
3,7601657,19094624,1501262827.312585
4,19094625,23868810,1918813275.415082
5,23868811,27749069,2366213275.474705
6,27749070,37882000,2711099569.8481474
7,37882001,62422571,3138314539.6044183
8,62422572,121843603,3484211340.495733
9,121843604,141204785,3388768702.24938
10,141204786,278471806,3108022146.9324746
11,278471807,312925706,3340709042.716376
12,312925707,413532984,3190227877.669252
13,413532985,420079040,3557553389.517144
14,420079041,449352562,3919373361.133949
15,449352563,520235360,3708946927.608007
16,520235361,561598037,3916782534.080024
17,561598038,660871834,3796179011.451931
18,660871835,715694042,3975451217.222875
19,715694043,736861715,3640230780.465948
20,736861716,775498060,3824033972.72244
21,775498061,857146752,3556323542.8877506
22,857146753,939375279,3812802900.76828
23,939375280,968649419,3771316867.148886
24,968649420,1008079725,3599200175.655438
25,1008079726,1093373574,3694015885.008543
26,1093373575,1134815719,3935784152.690105
27,1134815720,1166647495,3756060290.530123
28,1166647496,1206764601,3854142793.3350873
29,1206764602,1284155715,3560880406.704631
30,1284155716,1352770437,3351926078.455138
31,1352770438,1364035065,3990182228.640996
32,1364035066,1546159569,3173368665.316905
33,1546159570,1600504736,3177756567.229711
34,1600504737,1726444676,3378230242.0060124
35,1726444677,1750835416,3552992181.2364507
36,1750835417,1787116970,3364585712.2606974
37,1787116971,1803385329,3591030502.561336
38,1803385330,1926748082,3891978414.9226375
39,1926748083,1962490868,3473943598.805396
40,1962490869,2152597032,3522743001.005644
41,2152597033,2154936880,2713923744.6991825
