1,1,26866506,2316101777.782979
2,26866507,32665414,2723604010.3828564
3,32665415,43615931,3432631114.3236384
4,43615932,60727822,5294783679.422821
5,60727823,82547566,4512908352.563732
6,82547567,88612009,5196095858.561632
7,88612010,103924533,5591339790.734722
8,103924534,177689144,6372572305.038567
9,177689145,188885521,5779082986.091396
10,188885522,206342600,4756370003.658437
11,206342601,269816293,4255884262.8832803
12,269816294,387624858,3398513008.0627513
13,387624859,391101595,2893259019.441413
14,391101596,395270718,1775707253.3124073
15,395270719,397485302,1442393133.9235723
16,397485303,463060442,1027129911.493758
17,463060443,501443154,1506044888.6952603
18,501443155,514919569,2053280558.5235336
19,514919570,527857717,3317259035.5184846
20,527857718,541514575,4127022267.683224
21,541514576,553132630,4956727338.328048
22,553132631,825081064,5556569224.494878
23,825081065,1015894918,5529693623.997746
24,1015894919,1264914510,5268847324.147964
25,1264914511,1268234469,4611984265.038942
26,1268234470,1271810156,3940171965.476566
27,1271810157,1275031460,3277160722.398653
28,1275031461,1278229210,2684267463.246981
29,1278229211,1326417548,1779789818.380682
30,1326417549,1346758091,3207264795.762871
31,1346758092,1360886884,4390155417.014378
32,1360886885,1369339151,5215765341.533582
33,1369339152,1376832553,5857170999.568585
34,1376832554,1817096027,6070447339.744079
35,1817096028,2008439077,5788830822.368341
36,2008439078,2012384530,5299007692.998323
37,2012384531,2015646781,4467590316.809351
38,2015646782,2019887540,3416846237.444733
39,2019887541,2024027080,2483385832.550574
40,2024027081,2057526273,1498906613.5128317
41,2057526274,2057557336,1193794218.5473115
