1,1,1291953,27738996.54244132
2,1291954,7868506,351149347.9563335
3,7868507,18247942,1491198572.345369
4,18247943,23799257,1916439466.9538715
5,23799258,27444930,2336174299.2090797
6,27444931,47458574,2659553123.263906
7,47458575,64269682,3167530204.481532
8,64269683,101168761,3460745572.147664
9,101168762,140493160,3359658210.4715734
10,140493161,278184187,3092340049.3297668
11,278184188,313953480,3358308411.843059
12,313953481,412635769,3222678546.012929
13,412635770,429810946,3529667594.196551
14,429810947,454203229,3884666176.201744
15,454203230,519235340,3689801358.274333
16,519235341,670517655,3760183738.324065
17,670517656,716100851,3953057484.6371055
18,716100852,734186911,3679337084.613239
19,734186912,774667992,3855628067.2280154
20,774667993,863732569,3118929348.5116777
21,863732570,948088737,3442883397.4130087
22,948088738,966792909,3771891712.7718425
23,966792910,1008336557,3184978477.9518337
24,1008336558,1100203541,3162369633.821815
25,1100203542,1132520531,3933718367.6361527
26,1132520532,1169524930,3470245933.6313004
27,1169524931,1205266645,3919713491.817236
28,1205266646,1287804404,3639401231.25271
29,1287804405,1377081085,3730919443.698756
30,1377081086,1423466788,3733713167.06693
31,1423466789,1438337621,3602160911.2014184
32,1438337622,1546034548,3676415417.383004
33,1546034549,1601760236,3525667039.773665
34,1601760237,1728552188,3698502944.038177
35,1728552189,1749620628,3579373565.1259184
36,1749620629,1793410419,3378434901.704951
37,1793410420,1820545083,3751674143.542396
38,1820545084,1927558061,3878545783.6154895
39,1927558062,1964463500,3483411872.5364337
40,1964463501,2152598419,3630037677.364727
41,2152598420,2154790968,3208737435.969461
