1,1,28704846,2176281634.143051
2,28704847,42267867,2878860842.46955
3,42267868,84083210,4713895023.312129
4,84083211,91963921,5211194738.5648575
5,91963922,124888261,6220653995.618778
6,124888262,178537119,6451429299.458586
7,178537120,188007076,5676020620.632079
8,188007077,209219403,4494764407.9106045
9,209219404,289973347,4271729535.9716787
10,289973348,386752653,3538365988.257949
11,386752654,387975580,2709516357.0155597
12,387975581,391146462,1144322180.9032967
13,391146463,392481654,751926202.1336895
14,392481655,456575132,566813687.0385289
15,456575133,502209499,844452807.6132892
16,502209500,510600787,1397287131.6136215
17,510600788,518724832,2332940090.492139
18,518724833,531247828,2907220239.767663
19,531247829,553853563,4582718868.378366
20,553853564,810479058,5459693010.793527
21,810479059,1035950669,5516805113.208913
22,1035950670,1265597489,5065767243.229555
23,1265597490,1267648966,4167884775.647683
24,1267648967,1270812077,2692330508.0999155
25,1270812078,1272507992,2079628322.9440608
26,1272507993,1273850122,1342328808.2709203
27,1273850123,1317255509,943505439.3335308
28,1317255510,1334498520,1680832284.7083392
29,1334498521,1342926887,2689691634.65914
30,1342926888,1361087819,3787870597.132148
31,1361087820,1368751286,4885179791.124763
32,1368751287,1377015226,5567313487.182321
33,1377015227,1789861471,6194560110.780568
34,1789861472,2008099094,6094347131.011728
35,2008099095,2010094924,5171509432.694793
36,2010094925,2011212572,4526256635.78999
37,2011212573,2013740454,3469032728.772384
38,2013740455,2015826012,2223142850.7675366
39,2015826013,2017129076,1452430201.5378122
40,2017129077,2057805732,947026655.6625274
41,2057805733,2057833229,656751706.3291391
