1,1,1176784,27761204.72813556
2,1176785,6947057,383725921.8802242
3,6947058,19686340,1547159545.8458154
4,19686341,23341210,1967089562.8750129
5,23341211,27984769,2315045548.5397363
6,27984770,48740713,2740206253.9942107
7,48740714,62862111,3129572264.6977763
8,62862112,111607640,3484684910.8464866
9,111607641,141673141,3362062699.457748
10,141673142,278973075,3108259160.512165
11,278973076,303219536,3344276397.345793
12,303219537,419697740,3177991119.379678
13,419697741,451615412,3879034532.475061
14,451615413,520235487,3680499159.053119
15,520235488,563799678,3921562060.129067
16,563799679,672235796,3757785270.687169
17,672235797,714149611,3985892442.0844135
18,714149612,802274422,3676329720.862932
19,802274423,851997014,3509508185.388994
20,851997015,921285197,3785456124.031258
21,921285198,944365082,3962075995.7248807
22,944365083,968423974,3750723503.1810055
23,968423975,1007895135,3563100091.35615
24,1007895136,1104249751,3557334217.9507594
25,1104249752,1139955148,3919136313.37051
26,1139955149,1166990739,3727584213.860101
27,1166990740,1204159339,3938045127.786093
28,1204159340,1287106235,3622704231.672647
29,1287106236,1393350065,3705467789.4303994
30,1393350066,1439458626,3625288912.178093
31,1439458627,1479475322,3808988011.2696304
32,1479475323,1552305595,3674959429.5447817
33,1552305596,1599916954,3539186456.812727
34,1599916955,1732205362,3741241040.753722
35,1732205363,1750337641,3547329845.8490644
36,1750337642,1794849875,3352458920.99584
37,1794849876,1820852308,3762710337.126704
38,1820852309,1926934713,3955204362.8016167
39,1926934714,1966262065,3484989489.4303803
40,1966262066,2152596968,3611904385.322779
41,2152596969,2154847416,3201281756.312874
