1,1,26305783,2304194420.5702963
2,26305784,31356212,2672901970.9847145
3,31356213,38678027,3143326664.5770373
4,38678028,74861026,4136140478.612685
5,74861027,82367115,4758821592.438526
6,82367116,89415618,5081043478.329134
7,89415619,135925089,5616670194.211696
8,135925090,173774212,6538199783.8110285
9,173774213,196769784,5183945572.464492
10,196769785,208241111,4631819541.242837
11,208241112,278111802,4309303246.05605
12,278111803,386670912,3906302762.2544937
13,386670913,394916180,2283011001.924481
14,394916181,398400833,1645569213.2233434
15,398400834,447939259,1350494831.78108
16,447939260,462180129,1126457137.076894
17,462180130,499803158,1479008942.479788
18,499803159,517332236,2493064275.324146
19,517332237,526914030,3243201430.8061757
20,526914031,539319912,3838704039.250422
21,539319913,785981431,5546801612.009627
22,785981432,999821364,5410448781.856729
23,999821365,1264493317,5291798233.628248
24,1264493318,1268886711,4606697473.355417
25,1268886712,1275007771,3400864483.511151
26,1275007772,1279567555,2509349070.1135244
27,1279567556,1282667631,2078447970.095045
28,1282667632,1318091059,1862869525.7406318
29,1318091060,1326192287,2192538559.4954724
30,1326192288,1334744100,2753501693.0987263
31,1334744101,1343764731,3356204251.1809487
32,1343764732,1361320941,4051592849.699573
33,1361320942,1695128973,5524846497.763934
34,1695128974,2008188934,5963960084.883371
35,2008188935,2012546623,5160887409.416618
36,2012546624,2016415393,4446191155.320222
37,2016415394,2020272666,3674883905.7498345
38,2020272667,2023440223,2956239333.78671
39,2023440224,2026052829,2441309817.8326416
40,2026052830,2057523334,1826268151.235245
41,2057523335,2057556754,1276455035.6846952
