1,1,900209,27764442.08955171
2,900210,8682408,484797508.5301876
3,8682409,22588092,1608036887.431706
4,22588093,27795376,2241342198.997516
5,27795377,51564110,2802805702.550251
6,51564111,63528619,3248399355.375952
7,63528620,100844360,3567758625.2216434
8,100844361,142034438,3379345117.161914
9,142034439,280495641,3112564817.602552
10,280495642,302666755,3388788170.734251
11,302666756,421229675,3185947081.8550696
12,421229676,448741982,3867092230.586476
13,448741983,519093059,3641851728.016646
14,519093060,675364749,3762895422.9585176
15,675364750,700748988,4041707307.280836
16,700748989,802586535,3664417330.1077366
17,802586536,855515545,3548370950.635249
18,855515546,948237329,3838733593.305112
19,948237330,974857148,3749289920.570722
20,974857149,1005390081,3560735877.166178
21,1005390082,1102677318,3142375663.8999705
22,1102677319,1134389254,3557196229.9514074
23,1134389255,1163301547,3225225633.01326
24,1163301548,1203591486,3592011227.0801387
25,1203591487,1248949873,3214757378.3386474
26,1248949874,1284183841,3195758697.207184
27,1284183842,1381053509,3310766265.2315598
28,1381053510,1412913582,3338810815.0665755
29,1412913583,1438964954,3615713023.8058486
30,1438964955,1546052359,3665588124.009048
31,1546052360,1599221437,3521285864.456118
32,1599221438,1626292507,3755364670.94209
33,1626292508,1684186385,3927612825.3964887
34,1684186386,1731029516,3776483527.534955
35,1731029517,1749870122,3550532995.5723352
36,1749870123,1796472736,3376116581.835564
37,1796472737,1820346113,3784875050.5535536
38,1820346114,1927802416,3916382684.845965
39,1927802417,1965673709,3476104734.843754
40,1965673710,2152622655,3652292232.447137
41,2152622656,2154936542,3120240795.5904307
