1,1,26725816,2310469976.362703
2,26725817,31513436,2683487744.8315434
3,31513437,37890511,3220000982.707817
4,37890512,43725292,3905028315.904484
5,43725293,62474490,5440863978.586499
6,62474491,82131845,3838403407.9921203
7,82131846,85279787,5198699621.027718
8,85279788,93367030,5148136535.642394
9,93367031,127589115,5654066113.997995
10,127589116,175692631,6515626999.563165
11,175692632,192128594,5652617381.153519
12,192128595,208892762,4607566227.499379
13,208892763,288002193,4292829079.005657
14,288002194,387776579,3733392505.125373
15,387776580,394703275,3053619465.75751
16,394703276,403358287,2219225394.410523
17,403358288,447907042,1860927427.2299495
18,447907043,463982107,1329188495.4136357
19,463982108,491810459,1369059919.371325
20,491810460,507311453,1811127114.1753016
21,507311454,527070615,3230230866.057376
22,527070616,546847829,4321320014.889283
23,546847830,554600737,5061196219.388307
24,554600738,799389696,4921827158.552643
25,799389697,987063135,5032559840.452544
26,987063136,1264480822,5237013196.823153
27,1264480823,1271052935,4232621572.2026854
28,1271052936,1274133057,3658738208.2322083
29,1274133058,1278820825,2856952766.5282407
30,1278820826,1325700924,1815455253.9141495
31,1325700925,1348056413,3265732821.1818852
32,1348056414,1361526813,4774077842.921127
33,1361526814,1368921649,5308547409.458165
34,1368921650,1376066155,5774170251.090357
35,1376066156,1794709574,6224325344.497614
36,1794709575,2009266003,5961521281.039315
37,2009266004,2014316307,5345083383.699378
38,2014316308,2020165811,4424782100.265843
39,2020165812,2026812294,3196615603.0263424
40,2026812295,2039667644,2115531034.9008057
41,2039667645,2057523559,1309340568.5220814
