1,1,26157763,2120005365.2942138
2,26157764,31406621,2655816087.985013
3,31406622,39164253,3149239145.802896
4,39164254,60696304,5313443990.628182
5,60696305,78632111,4191423461.395297
6,78632112,86103890,4893485601.119232
7,86103891,92016019,5133802954.92546
8,92016020,127090588,5854029768.291193
9,127090589,170744055,6418092107.4950285
10,170744056,194072542,5372752611.431296
11,194072543,207219316,4461206465.197937
12,207219317,281839991,4148582884.6170907
13,281839992,383749753,3822605787.389256
14,383749754,390038957,3231330109.6947255
15,390038958,396927671,2177497300.121447
16,396927672,399714268,1725514123.9595902
17,399714269,447567538,1499516573.3780851
18,447567539,459845722,1170329274.9385502
19,459845723,503302397,1385545947.469581
20,503302398,515541390,2199597586.3474393
21,515541391,522587984,2987868534.9897766
22,522587985,532096567,3416392476.0319843
23,532096568,548481257,4329753491.747618
24,548481258,1265620350,4813561733.41861
25,1265620351,1268153847,4589976323.424509
26,1268153848,1270215740,4212320947.6144276
27,1270215741,1274940541,3462767606.8551645
28,1274940542,1280124605,2398310944.543682
29,1280124606,1321230698,1786603580.0515306
30,1321230699,1335237396,2464360714.448515
31,1335237397,1346135079,3489842182.6843786
32,1346135080,1354123064,4029294879.9913673
33,1354123065,1363412558,4641466124.015094
34,1363412559,2008363257,5109448499.222228
35,2008363258,2011015042,5192849931.108684
36,2011015043,2013411520,4631310964.855791
37,2013411521,2015946205,4029790869.5630894
38,2015946206,2021037364,2941433281.6184163
39,2021037365,2024879826,2096607247.870117
40,2024879827,2057562736,1736069938.0209637
41,2057562737,2057601280,1255676501.3153875
