1,1,2089622,27761319.611748107
2,2089623,7970437,350062397.1317592
3,7970438,21555937,1605497434.7305107
4,21555938,24728899,2104096291.9290528
5,24728900,28421456,2437429354.9201
6,28421457,48488014,2780433514.640122
7,48488015,63528418,3195723184.131715
8,63528419,102903040,3509317658.3874702
9,102903041,140513592,3356784132.3538404
10,140513593,277001473,3093633268.614685
11,277001474,312120413,3359609946.134835
12,312120414,412079612,3178201490.16698
13,412079613,429116696,3519428466.0444856
14,429116697,452309681,3912385589.454144
15,452309682,521144438,3659028155.918085
16,521144439,562073375,3865214155.658753
17,562073376,675767098,3749066771.958987
18,675767099,716168837,3970423338.749969
19,716168838,735905583,3683642626.7061567
20,735905584,798412100,3727389159.136035
21,798412101,855995061,3547203097.636349
22,855995062,943493056,3834026924.5491886
23,943493057,975132046,3713707009.513629
24,975132047,1009286497,3584633015.986366
25,1009286498,1105671695,3651478366.888928
26,1105671696,1142461581,3922818966.894378
27,1142461582,1166605423,3760666609.7779546
28,1166605424,1204249805,3930979894.182396
29,1204249806,1248676635,3738321756.614883
30,1248676636,1283936988,3599103059.4543333
31,1283936989,1374626430,3701518522.6256046
32,1374626431,1546268640,3600805613.144797
33,1546268641,1602941858,3519725264.178525
34,1602941859,1730953932,3770584495.506511
35,1730953933,1751252185,3557164612.505762
36,1751252186,1794148372,3363263531.545563
37,1794148373,1819182450,3738615920.992581
38,1819182451,1927910969,3889464423.776871
39,1927910970,1965334529,3453440677.3471427
40,1965334530,2152623482,3230778847.207781
41,2152623483,2154935230,2914029912.077069
