1,1,1236338,27778299.17562719
2,1236339,6688394,432590752.5434464
3,6688395,20670470,1605605037.914754
4,20670471,25307703,2101868229.834524
5,25307704,29945887,2474423466.8167205
6,29945888,52147947,2911497517.788714
7,52147948,137791039,3208269906.39653
8,137791040,281559286,2745756094.975503
9,281559287,434045211,2843771343.248863
10,434045212,447643959,2990081239.996205
11,447643960,550034859,2860134978.967321
12,550034860,563751054,3470279916.38701
13,563751055,624294336,2099270886.717672
14,624294337,645798752,3097652424.7647376
15,645798753,764756571,2421903847.1085014
16,764756572,787430189,2877013282.97346
17,787430190,847459970,2012935104.3185456
18,847459971,888327927,2606881219.1259627
19,888327928,1045032466,2614182573.347214
20,1045032467,1194654486,2767671938.8540964
21,1194654487,1220461824,2378415930.3367944
22,1220461825,1541639115,2521465992.880462
23,1541639116,1579675423,2631618625.4955583
24,1579675424,1608843611,3195053798.6541243
25,1608843612,1646530487,2540537397.935027
26,1646530488,1682420779,2810312629.8637385
27,1682420780,1732691715,3011558029.507729
28,1732691716,1802302552,2610413142.460989
29,1802302553,1854962527,2475044911.8975024
30,1854962528,1867616374,2853833752.8288207
31,1867616375,1891514714,2846777197.138145
32,1891514715,1929018480,2334316737.9017744
33,1929018481,1946501791,2840258799.801877
34,1946501792,1964406546,3378981795.341085
35,1964406547,2152639787,3084971961.902061
36,2152639788,2153193103,2998541228.6317983
37,2153193104,2153567732,2535332840.9050803
38,2153567733,2153801182,1834307918.6704264
39,2153801183,2154310789,1115654211.129631
40,2154310790,2154635270,372410911.1958976
41,2154635271,2155059372,134888414.911341
