1,1,287034,27760708.758342046
2,287035,5975332,369458848.0925904
3,5975333,21212906,1537784701.0523722
4,21212907,25475093,2067182406.020531
5,25475094,35523303,2521223976.92885
6,35523304,133277471,2718541973.982169
7,133277472,286150366,3103311720.91344
8,286150367,321098507,3339260672.584305
9,321098508,422765366,3174741190.920074
10,422765367,444733358,3262706918.764438
11,444733359,547695762,2419894615.2022715
12,547695763,560245978,3468160930.0796466
13,560245979,567949785,2678061910.933204
14,567949786,757033380,2509164558.210648
15,757033381,839674845,2498742798.174596
16,839674846,895829785,2689576372.28677
17,895829786,928185173,2534405617.416968
18,928185174,944037405,3274212360.58406
19,944037406,1025892258,2695520708.381578
20,1025892259,1195230637,2581148844.858712
21,1195230638,1218816877,2717161961.206453
22,1218816878,1311037776,2656468205.6659546
23,1311037777,1332535323,1981956161.7281756
24,1332535324,1404457626,2790305380.9285874
25,1404457627,1454363267,2856030091.9673166
26,1454363268,1468642567,3358791521.56987
27,1468642568,1529598680,3077227407.869309
28,1529598681,1582255149,2922121447.759005
29,1582255150,1609093147,2877554473.288244
30,1609093148,1645345272,2168201419.626841
31,1645345273,1727261621,2758793055.433395
32,1727261622,1798627305,2691142800.821858
33,1798627306,1916902532,2022006040.9240432
34,1916902533,1962486499,2387532233.074421
35,1962486500,2152215640,2605614673.735201
36,2152215641,2152858336,3271942521.2933044
37,2152858337,2153391246,2423926097.589072
38,2153391247,2153947573,1716514193.6308002
39,2153947574,2154380251,1245443189.3158996
40,2154380252,2154627958,384045942.3073593
41,2154627959,2155076180,134394840.958324
