1,1,27059031,2259344755.9063954
2,27059032,32513471,2726244628.3094234
3,32513472,39277209,3291024045.1210155
4,39277210,53623880,4678165361.220622
5,53623881,62078809,5565746294.008019
6,62078810,81964034,4776054792.334933
7,81964035,87550240,5246584821.922823
8,87550241,103975493,5451447718.632111
9,103975494,177195231,5961038666.814813
10,177195232,189465276,5687295001.1738
11,189465277,208806459,4449888718.5680895
12,208806460,278106085,4260953444.7621913
13,278106086,320219015,4115980464.614625
14,320219016,387030827,3683882313.059691
15,387030828,391160613,2595100414.2634025
16,391160614,394060039,1827098798.6511776
17,394060040,396230280,1204409417.1135635
18,396230281,460415913,893561171.6654092
19,460415914,499270781,1339839826.5758326
20,499270782,507062953,1701246609.443236
21,507062954,518551673,2384849388.6248145
22,518551674,528812994,3187706625.3038096
23,528812995,539918605,3965239962.4062123
24,539918606,548810396,4585549027.94464
25,548810397,1265467379,5011545515.393723
26,1265467380,1269101396,4336368310.802075
27,1269101397,1273197582,3406771498.637903
28,1273197583,1276725866,2563367310.8622866
29,1276725867,1279499981,1884018622.1412168
30,1279499982,1318240470,1573432438.5823157
31,1318240471,1329095211,1918040973.4640293
32,1329095212,1341079198,2957191788.044224
33,1341079199,1356539946,3793606203.534239
34,1356539947,1371426782,4811798933.681798
35,1371426783,1459755301,5821439095.045476
36,1459755302,2008410437,5694254124.853197
37,2008410438,2011732662,4811588314.918251
38,2011732663,2015495562,3753037349.669132
39,2015495563,2017842388,3239170015.364605
40,2017842389,2020718989,2400783895.940516
41,2020718990,2057646916,1082080337.1450214
