1,1,25090934,2119936162.9700844
2,25090935,29016145,2521659351.0390043
3,29016146,36223989,2902588516.265546
4,36223990,76377813,4556203029.878534
5,76377814,82904841,4976101488.3798485
6,82904842,88436707,5184057456.848398
7,88436708,93928459,5755155727.3643465
8,93928460,140057099,6232023779.159882
9,140057100,170655521,6527284061.261282
10,170655522,200897235,4985173597.744772
11,200897236,208833792,4415157475.1460495
12,208833793,260619213,4245458832.7638264
13,260619214,302864059,4127586439.991203
14,302864060,385083490,3979031644.726819
15,385083491,386723182,1822962996.1169355
16,386723183,387207810,1243028456.3552368
17,387207811,387638775,418974176.8465764
18,387638776,450677777,225792471.30051965
19,450677778,501976382,331189847.4674503
20,501976383,508714348,650872471.6311153
21,508714349,516195270,1249993599.6104152
22,516195271,525211375,1798435422.1892378
23,525211376,1265236657,2846360867.3725805
24,1265236658,1266391652,2134327901.5079067
25,1266391653,1266916083,1766620885.6281903
26,1266916084,1267588867,1330420811.2154462
27,1267588868,1268106584,878383488.4339938
28,1268106585,1319629600,351544941.77707773
29,1319629601,1330688836,1112451816.7132175
30,1330688837,1345332377,2113264050.0852244
31,1345332378,1352835272,2954987191.795363
32,1352835273,1361496742,3664127152.253609
33,1361496743,1368212192,4334433828.473284
34,1368212193,1374186334,5015911817.259516
35,1374186335,2008747887,5490376266.651321
36,2008747888,2009283126,4792165384.733259
37,2009283127,2009655969,4178378513.090968
38,2009655970,2010437316,3432623763.15737
39,2010437317,2011043229,2165105684.7382026
40,2011043230,2012003480,758091967.5059253
41,2012003481,2059218359,228997714.68608263
