1,1,27245976,2287755482.682761
2,27245977,33719280,2730116265.860242
3,33719281,46214298,3446852407.646551
4,46214299,61089505,5706835125.266254
5,61089506,78519942,3658127748.078909
6,78519943,85740159,4878980138.03549
7,85740160,94655651,5211604293.861501
8,94655652,127406553,6191742537.732194
9,127406554,176745374,6404275335.714469
10,176745375,198079685,5232739403.391861
11,198079686,208795246,4635231140.206174
12,208795247,286428190,4254076747.9109974
13,286428191,387351331,3595846846.8859124
14,387351332,393686471,2329443227.9242477
15,393686472,396833204,1554055133.3739629
16,396833205,462349201,1033497686.5144572
17,462349202,490848721,1426276857.1536615
18,490848722,506703785,1621394129.6955178
19,506703786,527836277,3184086539.174398
20,527836278,541735992,3981014585.299442
21,541735993,550057264,4745454139.175171
22,550057265,801474280,5160406782.922941
23,801474281,1264793763,5246363850.099829
24,1264793764,1267285920,4782515734.869131
25,1267285921,1270960253,4112568129.1554723
26,1270960254,1277210998,2875822777.0018306
27,1277210999,1281136415,2123820728.6887612
28,1281136416,1320150311,1780060863.273169
29,1320150312,1331224118,2418288751.8316684
30,1331224119,1339086049,3028051864.0991945
31,1339086050,1346506586,3571904150.7843885
32,1346506587,1355604080,4190551709.6937566
33,1355604081,1373409323,5077185373.021373
34,1373409324,1636768672,5050937125.418471
35,1636768673,2008558183,5120366472.174149
36,2008558184,2010730795,5238829128.086857
37,2010730796,2012926374,4729650469.783485
38,2012926375,2016490514,3959261412.9689317
39,2016490515,2022974694,2475619492.9294686
40,2022974695,2057556412,1775019075.9977612
41,2057556413,2057587245,1212975533.7345877
