1,1,26910689,2292667463.9582033
2,26910690,31668040,2719823558.7455583
3,31668041,43322121,3267796186.0458302
4,43322122,86952619,4605527380.46416
5,86952620,93943880,5057874198.061298
6,93943881,127366306,6145906619.487867
7,127366307,174415244,6440244379.366213
8,174415245,186317104,5703964210.059004
9,186317105,207456301,4508394466.521544
10,207456302,285678994,4178252459.8716965
11,285678995,386238642,3631421548.2511706
12,386238643,387818874,3055467287.415049
13,387818875,391568865,1698186597.302116
14,391568866,393258893,1161867188.2091398
15,393258894,458389603,716140297.6577669
16,458389604,502757821,1097465242.622211
17,502757822,510380412,1507959951.850321
18,510380413,517083691,2156702907.6905723
19,517083692,527658014,2709886794.7686076
20,527658015,540724222,3503935631.9374046
21,540724223,558842358,4569284705.62719
22,558842359,560266882,2877083706.392545
23,560266883,1265256903,2820742165.4396048
24,1265256904,1267085047,4452462362.897987
25,1267085048,1269220358,3659571873.0000234
26,1269220359,1272052231,2617002217.171444
27,1272052232,1275450317,1423860312.5463564
28,1275450318,1318701266,1070496567.0995828
29,1318701267,1327796950,1552301643.0056632
30,1327796951,1339858710,2545818895.987567
31,1339858711,1350730062,3276411020.3687706
32,1350730063,1363789716,4226458706.489956
33,1363789717,1371211602,5104742929.641976
34,1371211603,2008215033,5664941600.11214
35,2008215034,2010677563,4860779474.973655
36,2010677564,2013686720,3641568031.035959
37,2013686721,2015582004,2917281716.1469154
38,2015582005,2017237260,2168079771.8371377
39,2017237261,2019078506,1539406628.805935
40,2019078507,2057783911,1019069968.633791
41,2057783912,2057839723,702138417.2906773
