1,1,952359,27772221.97035895
2,952360,7468452,453879563.8032198
3,7468453,21162920,1574429123.4939878
4,21162921,24700987,2078616773.031267
5,24700988,29153013,2445219360.7227035
6,29153014,48885077,2839769386.366153
7,48885078,63263149,3195951823.8754826
8,63263150,103050657,3474430055.6886544
9,103050658,138712871,3374829148.9431777
10,138712872,177244188,3162487893.965512
11,177244189,205234668,3286559002.951529
12,205234669,278090977,3103628665.586726
13,278090978,302358295,3395195253.746036
14,302358296,411718839,3200536949.399345
15,411718840,422892086,3567140373.888483
16,422892087,452559346,3926182820.24119
17,452559347,519522789,3705420453.582743
18,519522790,561557595,3897177960.175109
19,561557596,675857124,3788569545.2303247
20,675857125,709225687,4067351938.764499
21,709225688,735305529,3720082850.721012
22,735305530,775681377,3891644456.187349
23,775681378,852928323,3623028491.735348
24,852928324,922490230,3849737799.7640114
25,922490231,948001024,3979650457.348272
26,948001025,1099083208,3093334719.758872
27,1099083209,1203184400,3448186243.1694107
28,1203184401,1339854206,3123207693.248518
29,1339854207,1385890971,3903338448.097481
30,1385890972,1547556817,3667102653.854897
31,1547556818,1603918195,3603234173.461773
32,1603918196,1684370736,3909055355.8636303
33,1684370737,1745198024,3733039496.164597
34,1745198025,1790534046,3411665342.469228
35,1790534047,1805616939,3681511534.186005
36,1805616940,1879260877,3963455414.6379743
37,1879260878,1920108473,4124509821.64362
38,1920108474,1930027283,3857925480.825103
39,1930027284,1966739462,3503503450.376755
40,1966739463,2152572526,3660482464.6005697
41,2152572527,2154884384,2951675146.38965
