1,1,627715,27732649.451799333
2,627716,7602667,365323368.497994
3,7602668,21234069,1600816853.5321212
4,21234070,24637494,2078313586.6598744
5,24637495,30440139,2394981675.0957317
6,30440140,51287359,2853393527.994785
7,51287360,62609248,3131722469.2966623
8,62609249,111590322,3264081227.7871494
9,111590323,139616090,3044690113.766204
10,139616091,278338444,2756442881.0329585
11,278338445,310356791,3360090327.4087405
12,310356792,412078938,3086277702.5395
13,412078939,430436417,3587264254.3316584
14,430436418,450568812,3880580442.973281
15,450568813,519122016,3710717468.5193114
16,519122017,675668323,3777172909.495968
17,675668324,702489325,3973265313.333294
18,702489326,802743460,3685948840.1658006
19,802743461,852292617,3522792929.463057
20,852292618,949230422,3602287319.8647604
21,949230423,968649147,3788424184.89748
22,968649148,1006599903,3486743858.549868
23,1006599904,1102785297,3659475233.998194
24,1102785298,1142445118,3876204524.172209
25,1142445119,1165603427,3740192644.776834
26,1165603428,1203689205,3859154434.9439
27,1203689206,1248198957,3606476755.425388
28,1248198958,1287148958,3640209350.651088
29,1287148959,1383424603,3709161346.741756
30,1383424604,1551640792,3604915682.3251343
31,1551640793,1597045920,3532558931.175695
32,1597045921,1731955366,3693637763.877656
33,1731955367,1750619480,3551123704.918167
34,1750619481,1791946975,3349748405.5124254
35,1791946976,1812502444,3744767288.988857
36,1812502445,1927586037,3855288479.294544
37,1927586038,1964573452,3463410685.7743444
38,1964573453,2151064176,3645839007.561181
39,2151064177,2153878762,2993978429.4215417
40,2153878763,2154629620,2121468808.3753629
41,2154629621,2154936034,1395061041.289987
