1,1,2920675,27764410.141675003
2,2920676,7858511,391039066.327452
3,7858512,19829152,1608999321.4580357
4,19829153,23845209,1959247918.405454
5,23845210,28557694,2375187063.4246325
6,28557695,49933947,2757665874.861349
7,49933948,64190785,3242214420.312116
8,64190786,101564025,3478765617.6704903
9,101564026,142437057,3377430235.12616
10,142437058,175809061,3141314650.962776
11,175809062,205576678,3275889699.939696
12,205576679,274411530,3156380968.592736
13,274411531,414609262,3231475513.6536274
14,414609263,426245222,3663193201.4613056
15,426245223,451753113,3954583116.4460607
16,451753114,519813609,3764616007.8159432
17,519813610,561364004,3964058564.399209
18,561364005,671118165,3828516606.2735615
19,671118166,712276189,4068216874.0459695
20,712276190,735212240,3743769234.7395706
21,735212241,776444811,3877491518.037364
22,776444812,847528603,3677265555.262728
23,847528604,892885200,3814104102.057552
24,892885201,948052874,3886602186.4550114
25,948052875,1030715618,3666952426.04386
26,1030715619,1071301245,3851499524.1310334
27,1071301246,1102833552,3686015096.593957
28,1102833553,1206674800,3871398235.812775
29,1206674801,1288445928,3732374452.039132
30,1288445929,1392325094,3714099289.262362
31,1392325095,1545808425,3678026728.2971177
32,1545808426,1600356929,3578616259.096268
33,1600356930,1731557602,3842255651.362895
34,1731557603,1749254451,3675611984.474635
35,1749254452,1793507188,3398650581.194083
36,1793507189,1813624698,3803200166.383859
37,1813624699,1920135811,4044610353.453685
38,1920135812,1930127145,3878865476.74569
39,1930127146,1968593894,3560857053.5253096
40,1968593895,2152582977,3697838481.834695
41,2152582978,2154876060,2951829950.808429
