1,1,26884469,2284159102.4231114
2,26884470,32880078,2723843316.3255963
3,32880079,41787338,3400833535.256592
4,41787339,61371985,5213089765.896452
5,61371986,80526843,4071839854.349818
6,80526844,86189739,4972755411.647318
7,86189740,93912330,5128337648.2426815
8,93912331,129661880,6326410675.782535
9,129661881,174312452,6553954484.371503
10,174312453,194824031,5399854092.478729
11,194824032,208014025,4700389116.131993
12,208014026,283336175,4253124476.261753
13,283336176,387517950,3549105718.965329
14,387517951,393666835,3168670840.2669177
15,393666836,401882492,2348865747.048803
16,401882493,447902236,1817617440.9612446
17,447902237,489289482,1260721324.1188548
18,489289483,502751621,1499604064.7703593
19,502751622,515369556,2179219436.4703417
20,515369557,528405493,3189440921.6181083
21,528405494,535622088,3872576990.198212
22,535622089,546400027,4362824569.564957
23,546400028,1267122674,4854374011.035718
24,1267122675,1272665103,3896169965.871439
25,1272665104,1276446042,3178163389.266011
26,1276446043,1279478798,2663950873.3649297
27,1279478799,1282411030,2042680825.655185
28,1282411031,1316903679,1845500176.3865952
29,1316903680,1323439156,2129344167.8730702
30,1323439157,1331590690,2580496129.6683598
31,1331590691,1343963356,3127159488.3266797
32,1343963357,1358489726,4162862431.5691547
33,1358489727,1369030161,5044125998.742328
34,1369030162,1621565245,5784741267.607682
35,1621565246,2008492185,5659809706.889837
36,2008492186,2012413407,4804836038.14847
37,2012413408,2016693569,3950928442.078075
38,2016693570,2021499803,3040615791.3004518
39,2021499804,2025049807,2132603436.4129708
40,2025049808,2057526077,1703247714.0553608
41,2057526078,2057533715,1244474873.2512143
