1,1,3103519,27724202.843263764
2,3103520,8198366,435748818.73235536
3,8198367,21256300,1479702692.6136355
4,21256301,24841804,2115056169.15499
5,24841805,27749042,2431199170.0623064
6,27749043,38557129,2634514608.2116904
7,38557130,63130587,3215561581.182492
8,63130588,102719979,3486277802.9739327
9,102719980,140785087,3375213009.137663
10,140785088,276395287,3075510733.34081
11,276395288,412667412,3199114448.051388
12,412667413,421603672,3588925610.2602286
13,421603673,453296204,3907195903.8300815
14,453296205,520768709,3649766902.007172
15,520768710,562539081,3913018232.860039
16,562539082,672378978,3776113515.311609
17,672378979,716084153,3949875990.662039
18,716084154,737141329,3667259113.240663
19,737141330,775334308,3829749885.1588354
20,775334309,856254430,3527818503.1750064
21,856254431,946991383,3801990981.718156
22,946991384,974937351,3699499496.574747
23,974937352,1010284095,3536298011.682451
24,1010284096,1104934432,3666997036.885668
25,1104934433,1142319600,3956426469.047096
26,1142319601,1166526799,3771446519.42985
27,1166526800,1205376198,3497487055.214894
28,1205376199,1253148420,3226753822.898488
29,1253148421,1279330773,3189156402.50114
30,1279330774,1346575743,3260195100.8422885
31,1346575744,1379677066,3436784369.8427005
32,1379677067,1544884079,3142251851.432581
33,1544884080,1604911218,3538256336.627208
34,1604911219,1683244052,3771840889.1976433
35,1683244053,1736657229,3706677301.380152
36,1736657230,1795423693,3347448374.800673
37,1795423694,1820037079,3776956093.972529
38,1820037080,1926232295,3954930107.158996
39,1926232296,1962766048,3464697145.296585
40,1962766049,2152414153,3628913519.8341184
41,2152414154,2154625658,3311642192.243452
