1,1,3665213,27760422.2145374
2,3665214,8937195,512302000.13863415
3,8937196,19652515,1601815843.6995888
4,19652516,23814463,1927153133.1667428
5,23814464,27617231,2325903854.1849136
6,27617232,39853047,2510081246.397246
7,39853048,61522286,3146455005.4935093
8,61522287,106336751,3497041497.426475
9,106336752,142172915,3403043337.7455378
10,142172916,275955867,3101269964.844481
11,275955868,413424341,3207299674.9599967
12,413424342,424722843,3600440755.316291
13,424722844,452307799,3952835181.2915096
14,452307800,519552129,3747768514.955108
15,519552130,674841899,3785454271.396145
16,674841900,716012492,3942731096.897382
17,716012493,735040277,3710399039.445913
18,735040278,775843472,3819158638.8659697
19,775843473,853030440,3558881223.000236
20,853030441,920313733,3852359070.012415
21,920313734,946898328,3962694172.401738
22,946898329,1031285256,3585865073.930804
23,1031285257,1064939097,3811587911.071652
24,1064939098,1101441410,3717534036.691975
25,1101441411,1206811083,3808826189.059928
26,1206811084,1288345895,3585020779.317276
27,1288345896,1316327827,3910516161.439194
28,1316327828,1336962819,3726335499.493519
29,1336962820,1381982665,3905122738.844298
30,1381982666,1546518370,3666910644.3734384
31,1546518371,1601408873,3546177485.937823
32,1601408874,1731073230,3767104232.469509
33,1731073231,1750643762,3629146680.864768
34,1750643763,1788483982,3407065590.139276
35,1788483983,1804782113,3681604344.6711583
36,1804782114,1877322558,3864073565.214444
37,1877322559,1919854080,4032423797.317939
38,1919854081,1929889045,3836515331.430434
39,1929889046,1967294342,3541056637.98259
40,1967294343,2152558837,3676064794.128813
41,2152558838,2154871496,3271556008.751258
