1,1,2812437,27762566.96023489
2,2812438,8462379,379113116.264562
3,8462380,19787717,1571053995.114369
4,19787718,23713623,1966854165.1562
5,23713624,28815564,2349535245.506191
6,28815565,38577576,2794444364.0023727
7,38577577,62505935,3175060488.079267
8,62505936,101045306,3419775049.291548
9,101045307,141263784,3374534488.2699943
10,141263785,277663022,3115827119.2617645
11,277663023,311837127,3358602159.627836
12,311837128,413345263,3208554712.7760777
13,413345264,420729618,3557948053.6521378
14,420729619,453198606,3936556891.248992
15,453198607,519356390,3670062606.4466286
16,519356391,562063282,3930565416.6841984
17,562063283,667335132,3407507491.2883253
18,667335133,701721368,4031575483.0388007
19,701721369,736500300,3317263463.021124
20,736500301,775691431,3273523955.12724
21,775691432,869605160,3191112556.7927594
22,869605161,947691619,3339828616.714595
23,947691620,972175931,3727235234.501998
24,972175932,1009185918,3292086850.504597
25,1009185919,1102632943,3305895618.795936
26,1102632944,1135844502,3754476893.22184
27,1135844503,1166358585,3774011546.933047
28,1166358586,1205117752,3932322471.197149
29,1205117753,1286073394,3643187666.0874696
30,1286073395,1351872375,3725383454.9075785
31,1351872376,1364772246,3939100244.058975
32,1364772247,1546316824,3628805700.7298784
33,1546316825,1601529359,3538036847.1013284
34,1601529360,1727899340,3762876564.247617
35,1727899341,1750240052,3517740732.7602453
36,1750240053,1787534199,3403117350.0461826
37,1787534200,1811496727,3666288343.6853967
38,1811496728,1929299898,3874079848.692548
39,1929299899,1964484419,3421900050.653608
40,1964484420,2152596605,3665116914.866626
41,2152596606,2154935467,3276573644.2461824
