1,1,2877327,27758965.807142798
2,2877328,8232556,663902618.5755242
3,8232557,20325024,1462231265.9129703
4,20325025,24007539,1995578370.0797656
5,24007540,27564372,2342472538.66757
6,27564373,38283108,2679878314.320394
7,38283109,61638731,3003917929.7037616
8,61638732,111645452,3161829186.531069
9,111645453,140535579,3098817068.9784617
10,140535580,173265395,2853728656.321618
11,173265396,205157979,3227886014.025733
12,205157980,276373888,3093753964.6121225
13,276373889,311618866,3365023528.5696187
14,311618867,412633206,3216656961.306926
15,412633207,425598044,3598778050.021926
16,425598045,452709120,3914746424.4771247
17,452709121,519681448,3671361400.570591
18,519681449,675403464,3763683081.022314
19,675403465,707558761,4044273781.618261
20,707558762,802537480,3689278892.5316167
21,802537481,852668954,3549596284.815915
22,852668955,948150473,3827594383.7827344
23,948150474,966553199,3741477527.535219
24,966553200,1003532294,3384013412.394149
25,1003532295,1105597602,3671478795.4624095
26,1105597603,1135846679,3949069316.81034
27,1135846680,1161677102,3733010261.538824
28,1161677103,1202497597,3913250691.584418
29,1202497598,1247406862,3757205016.1686273
30,1247406863,1285933020,3657216006.72203
31,1285933021,1381624622,3703368364.4018393
32,1381624623,1551503573,3492000570.8808875
33,1551503574,1597933372,3557015165.329113
34,1597933373,1731693849,3760363677.9097657
35,1731693850,1750487233,3566366781.993262
36,1750487234,1794505160,3362535158.87962
37,1794505161,1819861802,3793839025.9115934
38,1819861803,1927862940,3922558858.8822265
39,1927862941,1966821095,3481671064.8572526
40,1966821096,2151743999,3666484989.3873096
41,2151744000,2154534373,3320059909.670625
