1,1,27493282,2298898042.7243505
2,27493283,34279382,2740956339.0648594
3,34279383,43197330,3552765290.8282657
4,43197331,62776769,5619107123.716529
5,62776770,78627419,4338184941.545037
6,78627420,86930827,4837670962.144553
7,86930828,92570002,5240094440.207587
8,92570003,127046091,5715197476.487462
9,127046092,175681415,6485177917.052492
10,175681416,200838675,5134211180.016592
11,200838676,209486290,4521193298.940211
12,209486291,289768140,4235874361.448539
13,289768141,388841285,3585044038.926797
14,388841286,397846589,2803580381.211312
15,397846590,403579072,2269920367.505179
16,403579073,447898587,1909889309.9998724
17,447898588,489605098,1381515792.8437905
18,489605099,508045930,1750900022.3916743
19,508045931,527561266,3325540075.326299
20,527561267,539747423,4022593724.297702
21,539747424,550653750,4757336642.699681
22,550653751,843654349,5356992389.75411
23,843654350,1264982626,5197180184.857724
24,1264982627,1268106730,4679415590.714778
25,1268106731,1270619782,4265149711.475579
26,1270619783,1274244455,3620576151.644342
27,1274244456,1281252634,2470202127.0130105
28,1281252635,1322168037,1857900914.7089174
29,1322168038,1338076422,2711466051.0710764
30,1338076423,1349391267,3779825581.051707
31,1349391268,1356569104,4383019105.646245
32,1356569105,1364822039,4895125692.290799
33,1364822040,1374426992,5478296850.293288
34,1374426993,1765516888,6078722551.596875
35,1765516889,2009137365,5900885695.660389
36,2009137366,2013769722,5190893397.092742
37,2013769723,2017962454,4426657369.882356
38,2017962455,2024707244,3265151017.5455046
39,2024707245,2028899359,2504820102.990845
40,2028899360,2057450507,1900468090.462366
41,2057450508,2057498083,1296753126.5920253
