1,1,27032033,2322960320.3896847
2,27032034,33296052,2761562133.1458
3,33296053,42753693,3428482112.7935085
4,42753694,60224378,4767074575.961437
5,60224379,82433333,4492220626.971871
6,82433334,88124563,5074628182.31789
7,88124564,98063319,5669560232.192025
8,98063320,177085728,5792711826.470459
9,177085729,189531148,5735441450.995231
10,189531149,206972687,4749265109.763953
11,206972688,284013257,3838395601.819839
12,284013258,387337859,3523323524.368345
13,387337860,392528352,2438858399.7733026
14,392528353,393741025,2268022387.2585707
15,393741026,397192754,1516479593.587352
16,397192755,462956411,1026209236.2052315
17,462956412,502124092,1501183755.1820056
18,502124093,516647201,2088292791.6617591
19,516647202,530958569,3082337124.6748695
20,530958570,543381329,4176130610.642931
21,543381330,554392257,5056315636.689567
22,554392258,826118130,5631844098.255174
23,826118131,1014355066,5499221882.827477
24,1014355067,1266590860,5148047407.213506
25,1266590861,1270271126,4240732445.0903482
26,1270271127,1273492361,3624390530.360394
27,1273492362,1277862354,2730539904.9751186
28,1277862355,1280759790,2284059852.7217155
29,1280759791,1317593909,1780362634.4938166
30,1317593910,1326927646,2069704773.1427774
31,1326927647,1342427064,2849120301.0110965
32,1342427065,1359880403,4045554472.7106028
33,1359880404,1373997326,5137988781.531194
34,1373997327,1823180809,5958091731.297144
35,1823180810,2010249189,5987006667.660822
36,2010249190,2013030545,5085031405.547922
37,2013030546,2016117316,4498969724.132473
38,2016117317,2018422807,3705728899.0917597
39,2018422808,2021363665,3171155715.6235747
40,2021363666,2024709221,2460132709.370339
41,2024709222,2063207220,1248973094.4792483
