1,1,281228,27781364.637845308
2,281229,7311386,446515835.0464304
3,7311387,20489669,1651462046.0994349
4,20489670,24021390,2000556368.8572824
5,24021391,27376500,2360929167.057987
6,27376501,37792139,2679662746.8347764
7,37792140,63989904,3167036222.7969456
8,63989905,101369723,3491697210.0477896
9,101369724,141703065,3370508761.74284
10,141703066,277041052,3131686177.322101
11,277041053,302665723,3387954418.9877267
12,302665724,409950700,3211372109.499994
13,409950701,426154850,3592169370.88684
14,426154851,451138066,3939702268.0598016
15,451138067,519441185,3726577753.2963576
16,519441186,667697601,3799593049.436453
17,667697602,709898761,4038034870.450479
18,709898762,735249626,3707544974.0772142
19,735249627,775314589,3906150867.5350366
20,775314590,851569191,3616532667.91944
21,851569192,922876795,3838094411.303068
22,922876796,934969938,4052409307.430502
23,934969939,968539293,3834814031.966205
24,968539294,1008965211,3620376559.605223
25,1008965212,1105224449,3689757663.761567
26,1105224450,1146423526,4021082322.420423
27,1146423527,1164459360,3809317440.773161
28,1164459361,1205266187,3914510215.646758
29,1205266188,1338037524,3673420598.948097
30,1338037525,1381253836,3901598090.286832
31,1381253837,1545189491,3628042991.192255
32,1545189492,1603345628,3602597573.172373
33,1603345629,1684685123,3882279876.378838
34,1684685124,1737358768,3693645004.732031
35,1737358769,1788687564,3370409906.483869
36,1788687565,1810060685,3683226522.073983
37,1810060686,1920169202,4016103999.384304
38,1920169203,1929738517,3869421546.37514
39,1929738518,1966113330,3380299939.8840303
40,1966113331,2152532410,3210773612.149686
41,2152532411,2154882629,3204868160.335736
