1,1,26425728,2291799854.6859813
2,26425729,31571381,2673865461.95671
3,31571382,37102847,3154202545.0939145
4,37102848,45072539,3946906946.605642
5,45072540,60707168,5315997440.038792
6,60707169,81739326,4468966253.170019
7,81739327,84689486,5083922912.348078
8,84689487,89498659,4882672376.695418
9,89498660,122439540,5108041623.379075
10,122439541,175318942,6524063453.803456
11,175318943,196521290,5349798747.50597
12,196521291,208608318,4639348930.129981
13,208608319,276321853,4307441298.631493
14,276321854,317393788,4134666821.528864
15,317393789,387374796,3757544337.9320745
16,387374797,397683824,2837443814.5659494
17,397683825,402802197,2296747074.663893
18,402802198,447912774,1815960952.2049956
19,447912775,462167966,1190873026.7281656
20,462167967,500433379,1450023483.5023599
21,500433380,514895601,2626644592.3087916
22,514895602,524725066,3110184059.4509926
23,524725067,533021392,3595809591.884457
24,533021393,542110382,4229172112.9197564
25,542110383,1266591431,4938162936.037984
26,1266591432,1271993113,3969831594.8339057
27,1271993114,1274553330,3497980822.341309
28,1274553331,1277101161,3059844889.8973613
29,1277101162,1280414101,2356010262.8852954
30,1280414102,1318370015,1821570019.784529
31,1318370016,1329077063,2202153097.9024935
32,1329077064,1343989305,3099535801.271481
33,1343989306,1361584428,4557603518.8962345
34,1361584429,1369709026,5228243020.861774
35,1369709027,2007572616,5655590431.19077
36,2007572617,2013446539,4663533547.392744
37,2013446540,2015364296,4295162696.372688
38,2015364297,2018406088,3613036373.717443
39,2018406089,2021736550,3110317077.1312695
40,2021736551,2025000023,2268550964.1405826
41,2025000024,2057534050,1322502514.131474
