1,1,26807218,2267849693.7468634
2,26807219,31707873,2695188077.9084215
3,31707874,35108003,3189328083.5541134
4,35108004,70912669,4116255001.76249
5,70912670,82183795,4766608045.080715
6,82183796,88375044,5165240228.432882
7,88375045,139645456,5657868566.99608
8,139645457,175774800,6541835854.38701
9,175774801,200376501,5109204563.776342
10,200376502,207918467,4554918082.596284
11,207918468,265558653,4340497126.06371
12,265558654,307814286,4161913042.845768
13,307814287,386753650,3782363785.1521664
14,386753651,394272224,2115107852.7048328
15,394272225,396038279,1743528604.6691008
16,396038280,397480141,1488196900.6977968
17,397480142,462619969,1058338027.11718
18,462619970,491466395,1475924863.8560314
19,491466396,506670536,1701399916.2886746
20,506670537,538717022,3883383319.614187
21,538717023,546251233,4614730866.4700575
22,546251234,551513704,5063455555.997646
23,551513705,838369050,5384499361.440829
24,838369051,1264663226,5252656139.077679
25,1264663227,1266834324,4871903628.990867
26,1266834325,1268827774,4396051658.085556
27,1268827775,1272311393,3810177815.9297905
28,1272311394,1281177910,2011118464.76316
29,1281177911,1320243904,1786536339.473909
30,1320243905,1331295915,2554283310.219793
31,1331295916,1340072365,3137898054.366666
32,1340072366,1346800011,3658609963.032423
33,1346800012,1359983515,4152990139.6381464
34,1359983516,1639667543,6042892238.408173
35,1639667544,1802586999,6082369047.976732
36,1802587000,2008388478,5816450166.194163
37,2008388479,2011711793,5037762042.210347
38,2011711794,2014308572,4540627487.21425
39,2014308573,2016234793,4016080931.648332
40,2016234794,2020057909,3194615225.066017
41,2020057910,2057585496,1165902860.4528873
