1,1,26587381,2283987759.5128765
2,26587382,31889356,2642328883.5235233
3,31889357,39944650,3187068139.04628
4,39944651,61955852,5256624413.996911
5,61955853,78821256,4600770359.483176
6,78821257,84618040,4963280763.273227
7,84618041,93371876,5314705095.928194
8,93371877,129447509,6186704174.579439
9,129447510,174498063,6027702310.702843
10,174498064,188836292,5668110760.532472
11,188836293,208372989,4601578217.069714
12,208372990,277806514,4278908296.310735
13,277806515,386913422,3804950156.42033
14,386913423,396296305,2734754791.1708922
15,396296306,401514416,2050276632.4023447
16,401514417,447882658,1732932709.8757184
17,447882659,462894232,1384686442.3251708
18,462894233,496147133,1467152999.0722814
19,496147134,506146246,1879708620.1241314
20,506146247,518791164,2687752125.6067576
21,518791165,527490481,3390928188.1951528
22,527490482,544917481,3885523856.777288
23,544917482,836836301,5248497903.825304
24,836836302,1264173840,5343610391.706936
25,1264173841,1272313836,3988527348.10109
26,1272313837,1276237042,3231795242.8072777
27,1276237043,1278941431,2736017318.286365
28,1278941432,1281698992,2216528071.6938124
29,1281698993,1318297470,1852538225.82913
30,1318297471,1327263272,2198004121.654098
31,1327263273,1341652814,2809976599.7389264
32,1341652815,1366285379,4371336743.565535
33,1366285380,1628194169,5717594518.529429
34,1628194170,1806972776,6078952745.478513
35,1806972777,2007852600,5114654856.236079
36,2007852601,2010905544,5408236214.117806
37,2010905545,2015170128,4546816762.666117
38,2015170129,2022845354,3022582234.7258563
39,2022845355,2026927282,2126438122.710214
40,2026927283,2057498316,1661295811.7297084
41,2057498317,2057529885,1252759653.0237854
