1,1,1478720,27777014.92566802
2,1478721,7299384,422078742.9890804
3,7299385,22013872,1554438951.604026
4,22013873,26163988,2145855732.245932
5,26163989,37560872,2551175468.546972
6,37560873,62786703,3167994567.21358
7,62786704,111404443,3525369403.0074844
8,111404444,140507362,3377453964.288013
9,140507363,175609093,3104330008.9060683
10,175609094,207012824,3302189658.415644
11,207012825,275995137,3100459591.754568
12,275995138,314576625,3325375131.0345817
13,314576626,409157849,3184109144.3114047
14,409157850,419921857,3545479077.137771
15,419921858,450784983,3850278569.174305
16,450784984,520328182,3667608331.984505
17,520328183,561956392,3896227051.6131415
18,561956393,671510630,3774522343.435977
19,671510631,709892478,4001888994.631793
20,709892479,801982675,3691261115.8230352
21,801982676,855994660,3517659930.076636
22,855994661,949228038,3829561367.160492
23,949228039,967941260,3762373691.8226767
24,967941261,1009276229,3571365664.9759555
25,1009276230,1106160668,3681604515.654616
26,1106160669,1134533297,3946461172.210393
27,1134533298,1167534749,3744484378.594168
28,1167534750,1204159629,3928352202.037383
29,1204159630,1285880298,3642763086.971123
30,1285880299,1381568612,3698512236.138817
31,1381568613,1552131047,3609735984.175264
32,1552131048,1599268164,3533687920.623882
33,1599268165,1724861181,3627947832.681135
34,1724861182,1751064408,3533762184.6771874
35,1751064409,1795870812,3366598355.690049
36,1795870813,1819979595,3838465674.655109
37,1819979596,1927361112,3914789471.119432
38,1927361113,1967440675,3487896508.872349
39,1967440676,2152596971,3633378814.648762
40,2152596972,2154574742,2900985506.551487
41,2154574743,2154935652,2164291652.970864
