1,1,28688868,2289395817.2259507
2,28688869,33943574,2922832559.422437
3,33943575,40853292,3440858888.4465904
4,40853293,60506512,4990016408.503125
5,60506513,81739259,3825724739.1879306
6,81739260,92610429,5189002883.7817545
7,92610430,128034225,5257490259.639488
8,128034226,172798530,5845597337.012488
9,172798531,190276438,5684383539.5289135
10,190276439,208412301,4637484870.66488
11,208412302,286839435,4253970105.8655562
12,286839436,386369419,3814136992.6958795
13,386369420,390523798,2752029853.6195297
14,390523799,393823819,1856486944.4885254
15,393823820,396069975,1341693812.708881
16,396069976,461241730,892004543.0852891
17,461241731,500228354,1457227850.7040067
18,500228355,508041282,1797288575.3050137
19,508041283,516925487,2336379130.438208
20,516925488,531264206,3292859250.8649397
21,531264207,539604277,3942499596.2389245
22,539604278,730891382,4981008939.446706
23,730891383,1265952524,4998577789.676207
24,1265952525,1269380693,4202995066.6978264
25,1269380694,1273463011,3305829312.5649037
26,1273463012,1276775509,2515742492.7356396
27,1276775510,1279264197,1968811298.6450958
28,1279264198,1320113702,1569794084.0651386
29,1320113703,1330584220,2152414020.262569
30,1330584221,1340097645,2914754872.077256
31,1340097646,1352665387,3677633771.323342
32,1352665388,1362951358,4640964895.174278
33,1362951359,1369724952,5199408310.809011
34,1369724953,1633215272,6052445224.537121
35,1633215273,2008405287,5767465465.730836
36,2008405288,2010639261,5118999325.465185
37,2010639262,2013541895,4336757346.354844
38,2013541896,2016433707,3622123825.089368
39,2016433708,2019185925,2838563265.077677
40,2019185926,2022456871,1965133930.859088
41,2022456872,2057612872,1130085972.587517
