1,1,26264069,2249387905.318258
2,26264070,31262712,2671888916.9535913
3,31262713,41423582,3122345568.730461
4,41423583,58635122,5256293889.176824
5,58635123,82671420,3389147522.071706
6,82671421,92855679,5331419024.859275
7,92855680,124416853,6102934519.144975
8,124416854,174025890,6392367553.879857
9,174025891,189609376,5717248964.7702265
10,189609377,208242452,4582631288.882605
11,208242453,276943839,4306214520.389407
12,276943840,320987147,4130869423.971386
13,320987148,386725895,3772566109.355209
14,386725896,391209594,2793554112.713087
15,391209595,394952755,1962582519.817503
16,394952756,397482882,1402867850.465374
17,397482883,462087486,1044815094.9556005
18,462087487,501879109,1393936242.784039
19,501879110,515426229,2090968509.7316751
20,515426230,528594616,3126408269.1909785
21,528594617,536623618,3896013387.947635
22,536623619,545484105,4401309131.201893
23,545484106,1265960993,5073790501.4661255
24,1265960994,1272241853,3815094389.902784
25,1272241854,1276946023,2881603144.3290663
26,1276946024,1279360657,2391492123.7433205
27,1279360658,1281355928,2006240483.9824908
28,1281355929,1316733171,1772859095.8690007
29,1316733172,1323239354,2033966161.6400912
30,1323239355,1329788595,2555435401.6383505
31,1329788596,1337611447,2996906876.6279488
32,1337611448,1352702323,3860613619.027214
33,1352702324,1362513965,4522747183.360476
34,1362513966,1504114010,5554955429.926002
35,1504114011,2007191087,5095746096.327093
36,2007191088,2011903210,4921433245.844973
37,2011903211,2014607213,4310939199.518594
38,2014607214,2018905805,3332278163.474139
39,2018905806,2021246457,2839851799.6119905
40,2021246458,2024115060,2207492212.6557813
41,2024115061,2057624783,1324353768.6314964
