1,1,25738806,2267809583.407601
2,25738807,30099741,2620367423.660123
3,30099742,34621220,3050627302.8010616
4,34621221,43946401,3677778573.0669994
5,43946402,60534652,5049968298.007833
6,60534653,83123908,4383941156.452334
7,83123909,88412372,5216496474.385537
8,88412373,137889005,5514190670.248964
9,137889006,176284433,6516806867.442841
10,176284434,188439271,5699394531.401874
11,188439272,207693541,4661550382.940972
12,207693542,275539622,4301634829.640601
13,275539623,325527568,4131045196.3266764
14,325527569,388307319,3716107226.3092284
15,388307320,396539210,2922954454.3350396
16,396539211,402275876,2350310870.3825808
17,402275877,447895681,1936174911.899772
18,447895682,461514731,1207790302.248498
19,461514732,503561919,1459406272.8134234
20,503561920,524424860,2706836218.3749766
21,524424861,532054596,3581078564.109618
22,532054597,540726318,4082085993.67884
23,540726319,1264914130,4550559804.016443
24,1264914131,1268374004,4659712214.064281
25,1268374005,1273615923,3695561950.3499475
26,1273615924,1276358019,3112814549.5524645
27,1276358020,1278495603,2769313114.9451456
28,1278495604,1281829782,2278871199.7607627
29,1281829783,1316901469,1752822252.559434
30,1316901470,1323477469,2085452730.8563151
31,1323477470,1333971576,2554450703.2665734
32,1333971577,1350063415,3822628163.7485642
33,1350063416,1371016056,5004209718.969742
34,1371016057,1465089928,5762729864.530225
35,1465089929,2010232758,5291352417.488575
36,2010232759,2016788957,4019066443.7032866
37,2016788958,2019422015,3437711185.572471
38,2019422016,2021386234,2971686827.3778586
39,2021386235,2025233001,2502874675.8558297
40,2025233002,2057427991,1831304152.349024
41,2057427992,2057537046,1301798973.0415766
