1,1,287076,27716261.328382708
2,287077,7380546,446494059.0574402
3,7380547,18341216,1589789500.207894
4,18341217,23370574,1894578241.9768903
5,23370575,26650199,2280102643.134089
6,26650200,36908962,2608804553.4789906
7,36908963,63262923,3182328519.3065853
8,63262924,101874212,3488591263.844219
9,101874213,142173025,3350563534.787501
10,142173026,175549872,3117568390.9710684
11,175549873,204748218,3306658633.7530093
12,204748219,267826850,3125613046.2759056
13,267826851,419336582,3200633956.8378034
14,419336583,451410286,3908881405.614501
15,451410287,519623114,3583834419.862448
16,519623115,674201673,3775255367.061527
17,674201674,715280808,3951608585.722692
18,715280809,734112572,3666145820.135376
19,734112573,774459128,3814192656.776964
20,774459129,852503680,3567627005.409492
21,852503681,922301384,3833483061.373612
22,922301385,935894326,4010655940.487904
23,935894327,974721395,3739880619.397993
24,974721396,1006868236,3396008177.5247703
25,1006868237,1106388013,3694154600.654357
26,1106388014,1135646124,3896345750.4901776
27,1135646125,1164436484,3794965055.833204
28,1164436485,1207003089,3907778349.7779126
29,1207003090,1285496340,3652111850.066532
30,1285496341,1352146470,3719642376.731833
31,1352146471,1365971130,3962964830.8325233
32,1365971131,1423401416,3756228137.507816
33,1423401417,1439098700,3612500034.478711
34,1439098701,1544548927,3665153916.73326
35,1544548928,1603147561,3560351453.7392054
36,1603147562,1728549501,3812347646.695633
37,1728549502,1802283064,3429395696.4846034
38,1802283065,1927974186,3905221499.742889
39,1927974187,1966043599,3504277958.6505075
40,1966043600,2152168269,3650077468.467436
41,2152168270,2154828755,3244665346.3853745
