1,1,1093342,27737946.13806593
2,1093343,7330938,383893250.9802285
3,7330939,21164667,1608836045.4204175
4,21164668,26003395,2093276249.6889715
5,26003396,36706234,2156488014.920713
6,36706235,60128405,3161844774.123132
7,60128406,100985186,2902327729.0516124
8,100985187,139186794,3169576759.171006
9,139186795,276112705,2917834494.9117537
10,276112706,434885828,2859970088.982612
11,434885829,447641922,2994885176.259016
12,447641923,624585435,2889478295.2566032
13,624585436,684972529,3098595476.210806
14,684972530,765830429,2464711508.030261
15,765830430,786242737,2890917708.128959
16,786242738,839321041,2892404579.397176
17,839321042,881730471,2853408300.05902
18,881730472,1043762342,2692079477.807708
19,1043762343,1192987882,2329731426.053676
20,1192987883,1220537332,2657338581.84591
21,1220537333,1315698656,2809618861.852881
22,1315698657,1329532208,2668707983.9474635
23,1329532209,1420875516,3001902416.737027
24,1420875517,1437510662,2919147947.216424
25,1437510663,1531274677,2831311201.86876
26,1531274678,1581339595,2779645097.652387
27,1581339596,1608669316,3432490450.3327093
28,1608669317,1641159467,2502433834.666929
29,1641159468,1730348706,2839579955.9941425
30,1730348707,1810197687,2653217103.832392
31,1810197688,1841832810,2430859195.2006583
32,1841832811,1923386252,2342536343.992876
33,1923386253,1945211374,2277855063.997137
34,1945211375,1967154829,3033516341.8911924
35,1967154830,2152664845,2873806853.759178
36,2152664846,2153356157,2798621557.7788305
37,2153356158,2153648592,2144092878.0363896
38,2153648593,2153916430,1776137037.8112423
39,2153916431,2154173226,1207044707.0447104
40,2154173227,2154588157,460978203.5180765
41,2154588158,2155003279,135621851.88519627
