1,1,25804488,2253335466.5025525
2,25804489,30318602,2621703416.464261
3,30318603,37094637,3049945454.37805
4,37094638,84702905,4546983241.487343
5,84702906,90013774,5174213135.989221
6,90013775,140740231,5871492901.106446
7,140740232,173884830,6013815068.013031
8,173884831,198568563,4880978729.560481
9,198568564,208975749,4560177954.2916975
10,208975750,283919319,4301577617.03102
11,283919320,386406714,3761699714.879136
12,386406715,392197516,2090895305.0267818
13,392197517,393684625,1516571698.450208
14,393684626,394747442,1171503663.4836326
15,394747443,459835216,835573895.8249971
16,459835217,504725792,1227779092.3111231
17,504725793,529401028,2493471038.81143
18,529401029,538740786,3763256208.982319
19,538740787,547350714,4504887127.308785
20,547350715,553416466,4984000973.52607
21,553416467,851980874,5274054172.253593
22,851980875,1265105574,5099861031.442373
23,1265105575,1267842412,4453671591.191237
24,1267842413,1270120981,3750294729.076883
25,1270120982,1273508124,2877294576.3810096
26,1273508125,1317018492,1358502743.347819
27,1317018493,1330495564,1907528600.099482
28,1330495565,1350031949,3151150295.47743
29,1350031950,1358412786,4456684756.544306
30,1358412787,1365163002,4835014666.176396
31,1365163003,1374499563,5430281555.267025
32,1374499564,1649583583,6055353421.497035
33,1649583584,1905705616,6097505033.845438
34,1905705617,2008733731,5817008401.30235
35,2008733732,2011306875,5104244410.054391
36,2011306876,2013310985,4238535056.8144984
37,2013310986,2017334378,3094781876.144322
38,2017334379,2019014610,2334366548.4081717
39,2019014611,2021108912,1740941931.0170121
40,2021108913,2056838822,1366193183.3303554
41,2056838823,2057668718,898802183.0051513
