1,1,771623,27769331.08622259
2,771624,7970431,386914981.3902375
3,7970432,19652538,1549938265.633768
4,19652539,23347267,1928555514.6090665
5,23347268,27376498,2317138752.599339
6,27376499,38086426,2687711855.078235
7,38086427,63262422,3117696938.235342
8,63262423,101169960,3518117194.320927
9,101169961,141351824,3390447784.785862
10,141351825,277923179,3092483242.9533157
11,277923180,302666698,3377313006.735895
12,302666699,420907306,3166049870.1369376
13,420907307,450313734,3830546235.795865
14,450313735,519187229,3711381406.6353807
15,519187230,676617730,3776097135.899416
16,676617731,713414603,3984452578.5097446
17,713414604,737002764,3589815003.398592
18,737002765,775070145,3859999481.910749
19,775070146,854869191,3556703712.020825
20,854869192,922075199,3822369196.543279
21,922075200,941160009,3967303520.602508
22,941160010,974637038,3757420991.604338
23,974637039,1023863301,3610483665.966437
24,1023863302,1106144450,3697209106.629008
25,1106144451,1138267824,3972336677.570151
26,1138267825,1166495955,3808908275.403028
27,1166495956,1204480479,3949861483.107614
28,1204480480,1339558201,3619775690.770376
29,1339558202,1376390862,3879593338.799149
30,1376390863,1546300517,3617619712.0607815
31,1546300518,1602905731,3527993886.4158974
32,1602905732,1683570999,3790877129.257997
33,1683571000,1732860523,3796800718.511402
34,1732860524,1798562541,3378568219.8959146
35,1798562542,1929540853,3884756754.584376
36,1929540854,1967674180,3484388051.5077186
37,1967674181,2058036920,3755398994.617639
38,2058036921,2077368328,3503690687.1397595
39,2077368329,2120496324,3364803013.859833
40,2120496325,2152593480,3291801384.883871
41,2152593481,2154930996,3219744239.5447154
