1,1,26951135,2305948380.273281
2,26951136,33475115,2727997520.878052
3,33475116,38790473,3443811766.1299486
4,38790474,59999300,4684931540.850366
5,59999301,76889709,4321334831.31113
6,76889710,85982667,5073261149.079319
7,85982668,119383580,5500224398.448585
8,119383581,173330099,5902744362.660595
9,173330100,190032036,5744943182.126558
10,190032037,209255499,4591131342.90712
11,209255500,278865493,4120005079.671622
12,278865494,385701024,3810625995.499638
13,385701025,389038438,2309314340.730042
14,389038439,391145313,1211055370.4761481
15,391145314,392180437,777094644.6715765
16,392180438,456557345,569728561.3655151
17,456557346,501418358,841878052.843696
18,501418359,509269296,1325672854.7355907
19,509269297,527685303,2450329967.271088
20,527685304,539818238,3582594451.2440257
21,539818239,551412130,4475700014.641034
22,551412131,798605736,4651828789.478105
23,798605737,1265093274,5188706597.790672
24,1265093275,1266550503,4432535389.571888
25,1266550504,1268671932,3660835614.81387
26,1268671933,1270579905,2749097515.666309
27,1270579906,1273615298,1522159272.9352376
28,1273615299,1317183011,940608525.3987713
29,1317183012,1324636174,1296544495.8319616
30,1324636175,1336038076,2046372800.197304
31,1336038077,1344359281,2856512733.2408805
32,1344359282,1356159527,3801261764.923616
33,1356159528,1370644702,4855496935.054169
34,1370644703,1676338860,5715718836.18387
35,1676338861,2008372186,5745312645.365354
36,2008372187,2009909174,4970605287.780351
37,2009909175,2010907995,4427363845.363398
38,2010907996,2012358746,3633780269.5819516
39,2012358747,2015072015,2405688175.501681
40,2015072016,2017143829,1507337650.5585809
41,2017143830,2057865707,662907968.754188
