1,1,25906538,2192588113.1974025
2,25906539,30588397,2638008069.02475
3,30588398,39980112,3057381324.0584335
4,39980113,59587030,5426342326.432355
5,59587031,78325655,4559492451.622165
6,78325656,87135735,5004920431.121996
7,87135736,102875287,5623495123.891505
8,102875288,175819455,6409390217.371054
9,175819456,187129614,5727740809.75444
10,187129615,208183572,4563621835.383671
11,208183573,275989445,4258244826.3791947
12,275989446,388038057,3452597196.162647
13,388038058,396170677,2924253418.1481333
14,396170678,402692348,2296424557.8345485
15,402692349,447899681,1844464164.1197052
16,447899682,489374277,1289810582.319468
17,489374278,506375180,1680257151.5011559
18,506375181,519295139,2581814926.925463
19,519295140,535694355,3662232407.777578
20,535694356,544464147,4338227678.354547
21,544464148,551129042,4891791487.629362
22,551129043,803212121,5286891578.926116
23,803212122,1264557912,5296053329.514095
24,1264557913,1267151743,4883006476.282815
25,1267151744,1270582381,4256036308.539708
26,1270582382,1277774467,2931649462.810736
27,1277774468,1281889598,2169055764.5345793
28,1281889599,1319563505,1835328615.3670597
29,1319563506,1331895511,2335248700.1079535
30,1331895512,1340849582,3181188223.6004744
31,1340849583,1348059002,3826645393.6539474
32,1348059003,1358164180,4291548265.6321883
33,1358164181,1637604759,5489097378.813421
34,1637604760,1808897282,5694024448.300345
35,1808897283,2009169019,5606586099.982332
36,2009169020,2012505151,4915267780.906229
37,2012505152,2015216964,4397660115.90462
38,2015216965,2017930862,3829889454.0200787
39,2017930863,2024720334,2390240775.333792
40,2024720335,2055881872,1848581732.510277
41,2055881873,2057557326,1275794752.887397
