1,1,26781043,2230190413.646856
2,26781044,32148472,2685289267.6308875
3,32148473,39397203,3258030202.5189204
4,39397204,61434409,5510007247.693748
5,61434410,80567226,4669718008.999618
6,80567227,87872902,5050378948.5565195
7,87872903,103855606,5223237516.172998
8,103855607,175172822,6476418687.810184
9,175172823,193382191,5778291022.057338
10,193382192,208108883,4655735687.995715
11,208108884,282337452,4227686912.2153945
12,282337453,386711734,3859999372.46705
13,386711735,396419779,2930244831.934403
14,396419780,403019586,2276481731.3181996
15,403019587,447902810,1899301998.378778
16,447902811,489289708,1349550614.8431742
17,489289709,503656222,1688686539.4645371
18,503656223,526302768,3054462125.3527255
19,526302769,540876417,3980852442.258635
20,540876418,550360088,4732336947.709303
21,550360089,848100270,5214585235.361585
22,848100271,1265348099,4520437159.313096
23,1265348100,1268643812,4048691520.85639
24,1268643813,1272209593,4003916544.9875293
25,1272209594,1276011387,3169948403.443368
26,1276011388,1281091621,2379444405.0421195
27,1281091622,1318330612,1760593737.7422774
28,1318330613,1329868382,2229163500.590326
29,1329868383,1341125001,3027075412.790369
30,1341125002,1352228207,3907982560.7129836
31,1352228208,1360948284,4615114727.841686
32,1360948285,1369814959,5151230415.055988
33,1369814960,1785417728,5258375328.951562
34,1785417729,2007808147,5948641536.677358
35,2007808148,2011693785,5398205023.643048
36,2011693786,2016436900,4597516280.373899
37,2016436901,2019629855,3874752989.497663
38,2019629856,2023819154,3151720606.633795
39,2023819155,2027620620,2215761996.92981
40,2027620621,2057470299,1866302221.372559
41,2057470300,2062038351,1280713148.4508898
