1,1,1971263,27668248.273581915
2,1971264,7946080,376542299.3337789
3,7946081,19973973,1469541472.581387
4,19973974,23424783,1959408555.5090609
5,23424784,26821543,2283488903.854744
6,26821544,37795455,2481325174.625303
7,37795456,62221942,3122305049.7596
8,62221943,102021425,3550367943.9675217
9,102021426,141828471,3360009383.652464
10,141828472,174706060,3114054094.984847
11,174706061,204545613,3289488466.730593
12,204545614,279315137,3088712339.068771
13,279315138,302386847,3398886600.4809785
14,302386848,420266745,3197706025.504112
15,420266746,452693750,3840988486.124686
16,452693751,519340040,3639728849.6766143
17,519340041,675442603,3728443034.4356303
18,675442604,711836272,3993166081.167794
19,711836273,737377763,3668476925.805886
20,737377764,775256750,3888562517.230649
21,775256751,857148970,3559342622.0760674
22,857148971,938796881,3819485351.451532
23,938796882,968474760,3790839263.564207
24,968474761,1008554391,3573212115.6174083
25,1008554392,1105377750,3690492260.991476
26,1105377751,1142617206,3993851089.08452
27,1142617207,1164568801,3758870514.114151
28,1164568802,1205081960,3913520399.1540775
29,1205081961,1248154176,3736917177.699024
30,1248154177,1280474218,3609178770.4685
31,1280474219,1346448153,3728967304.723588
32,1346448154,1365135766,3914912650.693762
33,1365135767,1546209976,3614195913.626625
34,1546209977,1603496770,3560077028.682943
35,1603496771,1732858096,3774194263.081061
36,1732858097,1799579664,3341277747.1411567
37,1799579665,1927502093,3821024863.515381
38,1927502094,1964332526,3512505263.2243743
39,1964332527,2153129160,3386609612.884588
40,2153129161,2154634260,2550250203.214467
41,2154634261,2154936970,1818952117.004696
