1,1,28284805,2306951621.8782883
2,28284806,35963252,2831024741.3344684
3,35963253,49448499,4002312106.891059
4,49448500,60768451,5467112716.49158
5,60768452,81643581,4436999587.205745
6,81643582,88079014,5089551434.759969
7,88079015,123329100,5657342733.452459
8,123329101,174704946,6526951035.185217
9,174704947,189392740,5823605641.877892
10,189392741,208143135,4633905473.597588
11,208143136,278572287,4230420239.0417147
12,278572288,386490438,3650735578.0673437
13,386490439,389019658,2615980264.1389275
14,389019659,391547849,1839040089.7267168
15,391547850,393238466,1118020955.4891825
16,393238467,457815795,666250782.8762485
17,457815796,502038885,1080614742.7607625
18,502038886,511089101,1570045999.342327
19,511089102,517924077,2123568947.3604481
20,517924078,525344916,2744613964.5856156
21,525344917,538719212,3501776342.5329347
22,538719213,551139644,4752156915.435768
23,551139645,852033590,5287186288.733669
24,852033591,1264996204,5176003911.970793
25,1264996205,1267418112,4224048398.141288
26,1267418113,1271441054,2937214590.230369
27,1271441055,1273947821,2027070994.9478538
28,1273947822,1275533092,1538836769.314546
29,1275533093,1324995285,1157069084.7974823
30,1324995286,1346825148,2637441077.945347
31,1346825149,1359819399,4124060715.2086434
32,1359819400,1368347849,4893871052.43937
33,1368347850,1377339880,5426141040.423175
34,1377339881,1804763332,5899419177.572613
35,1804763333,2007654940,6074392960.332003
36,2007654941,2009446808,5680803732.261799
37,2009446809,2010726458,5134578781.682602
38,2010726459,2012877319,4369231360.567682
39,2012877320,2014707662,3436872723.051877
40,2014707663,2018558149,1819198554.6899686
41,2018558150,2057725399,789109146.7229725
