1,1,26772782,2314055243.8451123
2,26772783,34461834,2760751892.902683
3,34461835,41217046,3760892820.2606688
4,41217047,58743670,5599465148.096186
5,58743671,82389749,4349694708.694735
6,82389750,89564396,5153299709.099351
7,89564397,126378733,5186679157.620689
8,126378734,173960192,6596956991.583962
9,173960193,196810138,5332479540.041151
10,196810139,208357114,4665799834.979395
11,208357115,277422082,4300297955.46208
12,277422083,387294736,3842873299.533088
13,387294737,397391944,2854024360.449262
14,397391945,403490437,2259271310.4358935
15,403490438,447891731,1935908680.8438816
16,447891732,463414653,1391497993.648799
17,463414654,490619154,1580548464.3779001
18,490619155,503789990,1797754446.2666855
19,503789991,525740707,3163771784.7802653
20,525740708,536449110,4036102359.984049
21,536449111,544475333,4612052835.964297
22,544475334,553013416,5062265590.095058
23,553013417,823476819,5307103909.3906975
24,823476820,1016851549,5456708444.769354
25,1016851550,1266587319,5021089668.046217
26,1266587320,1273196441,3925260064.1031923
27,1273196442,1276010910,3514858055.1867666
28,1276010911,1279630086,2860284971.531211
29,1279630087,1319946951,1933460861.79535
30,1319946952,1333493945,2395362896.5360155
31,1333493946,1358285840,4200971081.9827905
32,1358285841,1371665374,5358647509.277788
33,1371665375,1795051027,6115406166.722
34,1795051028,2009652505,6034118857.760372
35,2009652506,2016429760,5340833586.73473
36,2016429761,2020588376,4813901404.019578
37,2020588377,2024519096,4296264286.099114
38,2024519097,2028278916,3601543886.5506296
39,2028278917,2039423502,2366412175.3847017
40,2039423503,2057465986,1947285685.9122622
41,2057465987,2057472309,1318055807.6274204
