1,1,2061125,27769426.895520784
2,2061126,7285834,405280005.5378104
3,7285835,19760165,1539996508.465022
4,19760166,24045964,1944679516.1830196
5,24045965,27992145,2352587098.599605
6,27992146,48045490,2753069857.640474
7,48045491,62485178,3122584619.2983155
8,62485179,121632922,3494168488.844727
9,121632923,141299602,3269888785.570948
10,141299603,171739973,3121454411.2692013
11,171739974,205998910,3273574705.7858357
12,205998911,277991313,3071471556.8735776
13,277991314,301613623,3377186731.214783
14,301613624,419860970,3195626909.845854
15,419860971,450439475,3848406116.9886622
16,450439476,519254520,3668617952.606541
17,519254521,676553036,3335080292.119961
18,676553037,702470702,4033943570.555143
19,702470703,802866982,3340553774.4466524
20,802866983,852951790,3175558287.9511247
21,852951791,939687144,3410146021.2784705
22,939687145,974487445,3383893067.090101
23,974487446,1005852861,3234941311.1304526
24,1005852862,1102737276,3659955967.072918
25,1102737277,1140994291,3938525659.746151
26,1140994292,1163270520,3754387925.47827
27,1163270521,1204232610,3919569644.092811
28,1204232611,1282568317,3605246453.646578
29,1282568318,1382386964,3692586617.333522
30,1382386965,1438994232,3603426790.482119
31,1438994233,1472105565,3806330443.748149
32,1472105566,1552642566,3598364159.3652506
33,1552642567,1600120404,3477393905.5736923
34,1600120405,1732168106,3764930113.857705
35,1732168107,1749386880,3550447829.3495355
36,1749386881,1794380053,3348527887.300224
37,1794380054,1819215163,3740351350.722104
38,1819215164,1927682219,3917470666.999385
39,1927682220,1967234693,3497925650.164879
40,1967234694,2152426851,3683835206.154421
41,2152426852,2154766835,3219062118.55568
