1,1,26853693,2319323961.180607
2,26853694,31760275,2705307013.7677417
3,31760276,37660680,3187265082.181042
4,37660681,50300319,4389426238.144582
5,50300320,58965038,5430030219.201988
6,58965039,83797990,4519356281.836135
7,83797991,90670640,5191944908.339723
8,90670641,125084888,5913820553.910985
9,125084889,173053143,5865662619.382142
10,173053144,194140000,5396944820.3573675
11,194140001,208843206,3487325179.2595654
12,208843207,291084059,3671494422.4890137
13,291084060,386249937,3826026604.290709
14,386249938,388724701,2702844085.846462
15,388724702,391238910,1833731835.5269659
16,391238911,393259570,1028320315.2896466
17,393259571,458300577,700992834.5200937
18,458300578,505535735,1027948366.453854
19,505535736,515492960,1880956202.480534
20,515492961,522459056,2564137817.9608226
21,522459057,530816067,3089028257.019396
22,530816068,547056236,4206539741.254686
23,547056237,1265553602,4558157576.279518
24,1265553603,1267559030,4302344916.6486025
25,1267559031,1270036696,3481336050.210026
26,1270036697,1271203215,2999528149.930474
27,1271203216,1273378558,2339517283.387237
28,1273378559,1314884942,1152424176.3380284
29,1314884943,1328393985,1617598530.9370577
30,1328393986,1336937585,2465824584.758686
31,1336937586,1345656526,3001164059.853898
32,1345656527,1356295981,3746633182.181054
33,1356295982,1370748907,4975129435.048595
34,1370748908,1511283188,5862437667.185767
35,1511283189,2007884045,5662341540.494134
36,2007884046,2009490869,5452242967.654067
37,2009490870,2011656471,4552166804.107238
38,2011656472,2015680240,2872493198.4112372
39,2015680241,2017978011,1978306188.6426296
40,2017978012,2019327663,1431930238.102357
41,2019327664,2057782701,917443002.1430099
