1,1,2380627,27777475.923737574
2,2380628,8133162,404234541.0528907
3,8133163,20387569,1538899768.33386
4,20387570,24705705,2030686759.2816732
5,24705706,28306587,2413014890.891982
6,28306588,48641292,2790164632.0678034
7,48641293,63381214,3197291957.864181
8,63381215,101932323,3510673107.600096
9,101932324,141491326,3291584845.154665
10,141491327,278150574,2968391227.706449
11,278150575,302885468,3382774144.3466854
12,302885469,412628760,2833290623.079204
13,412628761,428351264,3426158562.40661
14,428351265,453234575,3875825347.415659
15,453234576,520235294,3384175117.993609
16,520235295,563698511,3552954789.887289
17,563698512,660670275,3269977968.9192247
18,660670276,702077261,4010823991.588208
19,702077262,802406110,3690975694.431064
20,802406111,853849797,3520621740.144294
21,853849798,920601618,3746921356.902421
22,920601619,938852096,3951084082.9113545
23,938852097,976177186,3694299551.45948
24,976177187,1007255496,3480503618.765709
25,1007255497,1102429304,3620859007.59352
26,1102429305,1135113338,3896358843.635098
27,1135113339,1165707256,3767552322.948436
28,1165707257,1205358840,3914699785.280433
29,1205358841,1286377813,3628758131.831839
30,1286377814,1351797007,3694724503.513283
31,1351797008,1364132467,3982743515.795567
32,1364132468,1546173114,3610990426.474277
33,1546173115,1601695371,3526605627.454052
34,1601695372,1732977406,3775936008.4580345
35,1732977407,1751188041,3552676101.0272923
36,1751188042,1793912247,3336107073.742466
37,1793912248,1819842446,3729141562.8681874
38,1819842447,1927791834,3925882372.683278
39,1927791835,1966813679,3466254412.436763
40,1966813680,2152596631,3656983108.226395
41,2152596632,2154935195,3172713752.7977524
