1,1,377275,27783379.71274375
2,377276,7840416,421893882.8269876
3,7840417,21871714,1622659368.1689854
4,21871715,25852033,2139839738.716649
5,25852034,37920546,2539990186.0010247
6,37920547,62709158,3130908828.84075
7,62709159,100406441,3456538554.598885
8,100406442,142508654,3338952734.8767915
9,142508655,175837481,3093055288.5807915
10,175837482,209525404,3267730438.482125
11,209525405,277204374,3057505202.517476
12,277204375,310924675,3345099430.8332386
13,310924676,416076316,3150102906.1518006
14,416076317,439247813,3608565889.014575
15,439247814,450998679,3969120162.611754
16,450998680,520101756,3651112737.498913
17,520101757,563113549,3747390983.8523626
18,563113550,675583645,3705058933.9853697
19,675583646,711268334,3921143797.000458
20,711268335,808296935,3553108608.606233
21,808296936,849322857,3523548776.4526267
22,849322858,966584428,3744807046.867516
23,966584429,1024504132,3443613901.423587
24,1024504133,1106144312,3570435589.1467853
25,1106144313,1142326428,3883915073.62016
26,1142326429,1179476612,3702478392.0616055
27,1179476613,1203203627,3905245457.846797
28,1203203628,1286138017,3578535452.813359
29,1286138018,1382792861,3670759112.031466
30,1382792862,1457304365,3571014582.1585984
31,1457304366,1479937892,3770566224.040066
32,1479937893,1553105539,3509728846.3069315
33,1553105540,1600641650,3487806340.350012
34,1600641651,1730959967,3690217793.8978834
35,1730959968,1748083270,3537411749.2956924
36,1748083271,1794851190,3263510275.7346125
37,1794851191,1810906679,3581599253.540533
38,1810906680,1929025217,3782000877.232692
39,1929025218,1966239416,3392452207.155961
40,1966239417,2152625062,3532342079.253541
41,2152625063,2154936808,2996312656.4761024
