1,1,26102421,1960250271.4805584
2,26102422,31464297,2627771689.078272
3,31464298,38037232,3150764551.685226
4,38037233,60054945,5378528794.3747635
5,60054946,72752963,3550725168.073164
6,72752964,83665811,4835278917.817886
7,83665812,93289563,5148088171.499762
8,93289564,124254242,6272781195.607906
9,124254243,174364284,5939902057.536104
10,174364285,196297933,5217314239.035116
11,196297934,208905413,4654795444.951621
12,208905414,279420794,4289492183.31685
13,279420795,386327931,3706961692.4410405
14,386327932,390008438,2666471570.027637
15,390008439,392694343,1836845115.945634
16,392694344,394659451,1235282948.9281068
17,394659452,460012569,815829560.3145627
18,460012570,506148748,1244594196.2123988
19,506148749,527655128,2554141675.7077646
20,527655129,539289365,3655787747.457894
21,539289366,549605814,4475882319.639332
22,549605815,844273169,4769122686.846349
23,844273170,1264943337,4590302848.157724
24,1264943338,1266784726,4634038630.043953
25,1266784727,1269778228,3889254695.5113254
26,1269778229,1272503918,3107533746.861759
27,1272503919,1276382649,2043166707.9408796
28,1276382650,1319800158,1371477641.7064686
29,1319800159,1332559850,2054969619.8208382
30,1332559851,1343870687,2933861404.12081
31,1343870688,1350943052,3692904147.555471
32,1350943053,1358266092,4258737074.8776917
33,1358266093,1369768659,4814002290.893002
34,1369768660,1592935704,6035691089.406961
35,1592935705,1809726468,5986926033.726744
36,1809726469,2009297559,5389413663.951467
37,2009297560,2012910383,4282443774.4639187
38,2012910384,2014758452,3613427557.6505857
39,2014758453,2017331342,2935336157.1279235
40,2017331343,2020427194,1903107264.4245965
41,2020427195,2057696965,948679742.4692225
