1,1,27857123,2147841332.0966406
2,27857124,34063868,2808297380.3202925
3,34063869,41176140,3603170454.3465433
4,41176141,62012816,5465490295.561707
5,62012817,83179225,4326078269.615036
6,83179226,89336940,5178504904.147127
7,89336941,104370654,5557990110.800202
8,104370655,177275371,6276220280.616864
9,177275372,195473344,5348432092.140687
10,195473345,208540425,4641421499.274633
11,208540426,284344288,4244417744.0939217
12,284344289,388334223,3740228545.374514
13,388334224,396835449,2908869061.712086
14,396835450,402945979,2294255182.6633625
15,402945980,447994570,1813450231.2068589
16,447994571,463325317,1377389875.7026968
17,463325318,489789755,1605763162.7807097
18,489789756,508497179,1809287751.8647456
19,508497180,532070597,3209600126.556189
20,532070598,551345025,4646419303.913883
21,551345026,857635344,5416470028.689463
22,857635345,1263761514,5366169701.118672
23,1263761515,1269868084,4412573606.225839
24,1269868085,1273085625,3828911286.591656
25,1273085626,1276725529,3226304485.9626875
26,1276725530,1281074463,2378736614.4203076
27,1281074464,1319154332,1860733771.490377
28,1319154333,1329673002,2385052980.023144
29,1329673003,1344997344,3210616804.789508
30,1344997345,1357194910,4331104085.351656
31,1357194911,1366213278,5015140127.118863
32,1366213279,1374870214,5595515745.536276
33,1374870215,1797633903,6149939806.700277
34,1797633904,2008579815,6042508445.790105
35,2008579816,2013863801,5437119448.870295
36,2013863802,2019469249,4659825112.282872
37,2019469250,2027145416,3187867539.2485013
38,2027145417,2029984319,2375801228.9977965
39,2029984320,2040172163,2087141072.3064017
40,2040172164,2057469522,1646022422.4984813
41,2057469523,2057582542,1272914610.0630317
