1,1,27875754,2293652887.4013314
2,27875755,34387172,2777429536.7917213
3,34387173,41535452,3580110259.8372283
4,41535453,58455450,3236923030.580371
5,58455451,77003390,3926727705.285813
6,77003391,88326642,4989335391.496325
7,88326643,103037028,5442456349.076851
8,103037029,177150909,5935658028.891251
9,177150910,196328214,5319567518.9891
10,196328215,208549178,4619894800.23049
11,208549179,286728205,4240950968.273427
12,286728206,386483444,3707661344.802128
13,386483445,388617548,2855477539.9295354
14,388617549,391166586,1890425156.2844071
15,391166587,393254586,966143701.0815958
16,393254587,458124367,702637530.5944148
17,458124368,502929928,1055584092.6953439
18,502929929,511214861,1591575709.256539
19,511214862,516438870,2185250344.361668
20,516438871,521574165,2577157869.450664
21,521574166,530696042,3026570024.7423387
22,530696043,546827413,3974465727.5981984
23,546827414,1265086180,5072886946.008745
24,1265086181,1267598945,4398693583.841056
25,1267598946,1269857875,3552814560.731096
26,1269857876,1271844394,2774736591.2476954
27,1271844395,1275308917,1636540177.1470122
28,1275308918,1319973625,1150112823.3812978
29,1319973626,1329875403,1660260054.0282958
30,1329875404,1336559547,2487688975.4033365
31,1336559548,1345633837,3037226238.309699
32,1345633838,1355122583,3773013157.3009562
33,1355122584,1369837395,4819710439.901398
34,1369837396,1478513971,5652940213.095181
35,1478513972,2008380232,5698009775.322094
36,2008380233,2010684992,4826635657.466764
37,2010684993,2013462836,3693926040.9096
38,2013462837,2016053975,2649436391.80378
39,2016053976,2018001889,1982797429.854041
40,2018001890,2019347518,1387022533.1612153
41,2019347519,2057784055,819548309.1349497
