1,1,2251947,27771278.366719343
2,2251948,7682535,331679816.2437374
3,7682536,19437348,1466918562.130797
4,19437349,23472963,1956079890.4155931
5,23472964,27206648,2319887956.115035
6,27206649,38200096,2670087188.164872
7,38200097,61171286,3140742662.635883
8,61171287,112588900,3423414653.3522973
9,112588901,141920509,3360863011.434904
10,141920510,278193609,3097363923.9879155
11,278193610,322439310,3358525800.22774
12,322439311,409848569,3177641753.464537
13,409848570,429634576,3496373683.5395
14,429634577,450352470,3872279543.1793633
15,450352471,519331450,3687265959.4568152
16,519331451,674784702,3746526348.34463
17,674784703,710293829,4015672898.764609
18,710293830,802608293,3671981548.13838
19,802608294,853338925,3525613084.465712
20,853338926,948282469,3768941346.964317
21,948282470,967223852,3754360366.327751
22,967223853,1009900778,3519121588.109849
23,1009900779,1101629683,3668121030.0871806
24,1101629684,1140511555,3906403472.839536
25,1140511556,1164517049,3747260266.8222375
26,1164517050,1203297405,3931093255.513645
27,1203297406,1249474073,3711146325.196239
28,1249474074,1286000649,3612199320.310533
29,1286000650,1373906233,3729215233.149095
30,1373906234,1416890359,3761501615.853922
31,1416890360,1438545067,3613791417.929125
32,1438545068,1545880941,3658280702.0614567
33,1545880942,1600749842,3531717513.2217665
34,1600749843,1728755441,3654733473.452293
35,1728755442,1751253144,3561950573.2323146
36,1751253145,1794754592,3344449575.1953983
37,1794754593,1819868582,3746658419.265371
38,1819868583,1927189027,3940158335.4695473
39,1927189028,1963414563,3502764780.021152
40,1963414564,2152597851,3658841711.0092025
41,2152597852,2154936511,2802816305.31923
