1,1,3530946,27754342.343594305
2,3530947,7977883,650708296.8240374
3,7977884,19951749,1657252770.8012674
4,19951750,23853863,1960639800.827908
5,23853864,27402161,2317512658.211084
6,27402162,37414435,2694903303.274117
7,37414436,62225028,3181328195.0009727
8,62225029,102266486,3453782424.249816
9,102266487,140478346,3360972587.398753
10,140478347,178231618,3129557200.0112643
11,178231619,205433307,3296034800.840271
12,205433308,268405742,3065594152.871718
13,268405743,421353462,3178372934.5212293
14,421353463,453439721,3765208797.08723
15,453439722,519891417,3729372178.633447
16,519891418,561991193,3915112176.502989
17,561991194,675867683,3770806961.200997
18,675867684,708751458,4053043706.882464
19,708751459,735232601,3666115129.885535
20,735232602,775719746,3816281731.209338
21,775719747,853969103,3585136365.4918203
22,853969104,922610058,3744501010.053243
23,922610059,946113177,3925345171.935341
24,946113178,1102980392,3439096566.610281
25,1102980393,1138715551,3962232051.282171
26,1138715552,1165481354,3797390371.305527
27,1165481355,1204866072,3979872800.345216
28,1204866073,1339018527,3699759545.42223
29,1339018528,1381342398,3919878341.181872
30,1381342399,1546408894,3696533688.693368
31,1546408895,1601973100,3566930283.293202
32,1601973101,1684579475,3864168567.011044
33,1684579476,1737123672,3750360033.670809
34,1737123673,1787958439,3400060860.143585
35,1787958440,1804741704,3676585908.853708
36,1804741705,1879726555,3988277673.6374
37,1879726556,1918389181,4102118493.909066
38,1918389182,1929332423,3873433741.2301545
39,1929332424,1966743696,3563055951.1218023
40,1966743697,2152571175,3580078603.2676663
41,2152571176,2154888672,2964824960.494538
