1,1,281184,27673210.87252612
2,281185,9262528,478342624.9430426
3,9262529,21195669,1547348794.6156545
4,21195670,24099445,2078222491.7307012
5,24099446,26991987,2357397624.7744894
6,26991988,40615696,2696037985.6285133
7,40615697,64474514,3175035312.2939625
8,64474515,101926052,3457417124.0212173
9,101926053,139079723,3370354007.575325
10,139079724,278174959,3103288371.329718
11,278174960,302796095,3379246203.2548323
12,302796096,418864498,3198868322.491621
13,418864499,457123962,3779212599.575452
14,457123963,519120415,3702125186.932412
15,519120416,675425819,3786123803.125968
16,675425820,707412086,4074334447.116151
17,707412087,733746624,3693463294.0895057
18,733746625,773390379,3896563056.361847
19,773390380,856724353,3587429524.4053926
20,856724354,922473330,3827981945.811657
21,922473331,932539872,4041017862.331493
22,932539873,968544854,3733238868.932161
23,968544855,1008128785,3593449756.4812274
24,1008128786,1101090761,3682821198.647022
25,1101090762,1141868464,3918489078.2980447
26,1141868465,1165068736,3798430735.451908
27,1165068737,1205079845,3951024193.862025
28,1205079846,1342926208,3517784083.569612
29,1342926209,1364832928,3969718556.700409
30,1364832929,1546000228,3604993067.400008
31,1546000229,1602060400,3579187354.890423
32,1602060401,1683881560,3854803423.073314
33,1683881561,1733766743,3744781801.561
34,1733766744,1788598573,3397488272.212485
35,1788598574,1804325664,3677974326.320063
36,1804325665,1928932849,3917474633.906848
37,1928932850,1961998554,3506445139.874935
38,1961998555,2041914949,3785312633.416471
39,2041914950,2076582118,3692565911.103376
40,2076582119,2152560731,3763345805.210752
41,2152560732,2154731792,3237576744.58683
