1,1,2556328,27772869.31266793
2,2556329,7912794,320413369.19502264
3,7912795,19838864,1526689666.2908828
4,19838865,23577065,1934667948.46034
5,23577066,27116970,2296424470.0301814
6,27116971,38211135,2663764143.19416
7,38211136,61926925,3172301000.5996537
8,61926926,102104734,3435326038.9776216
9,102104735,141571433,3374609216.8521314
10,141571434,278062977,3132622050.626799
11,278062978,302666516,3333517249.96506
12,302666517,413345185,3176843024.668632
13,413345186,432522151,3446078805.75023
14,432522152,453792998,3899055164.8269887
15,453792999,519564990,3180989726.3887877
16,519564991,563763193,3570359830.1250806
17,563763194,675286824,3254264520.1176586
18,675286825,704882207,4037250171.322649
19,704882208,802498336,3382976494.96235
20,802498337,852784298,3565292544.788145
21,852784299,922301274,3804728705.2264266
22,922301275,942319082,3936376764.925322
23,942319083,968649282,3784986862.700923
24,968649283,1010533110,3589857181.8564167
25,1010533111,1105394206,3681978308.586613
26,1105394207,1137777198,3948586644.474845
27,1137777199,1167742893,3803530806.376912
28,1167742894,1204531835,3923823627.3600006
29,1204531836,1285935803,3586446440.400668
30,1285935804,1351623575,3752577253.433272
31,1351623576,1363772564,4008771117.443755
32,1363772565,1550847030,3644798961.8633294
33,1550847031,1602708713,3579202003.1423564
34,1602708714,1684594058,3830353428.712381
35,1684594059,1732908686,3774967008.287728
36,1732908687,1794142029,3360643587.3131127
37,1794142030,1815541235,3803782263.165525
38,1815541236,1929701127,3910159045.234816
39,1929701128,1966003916,3490424148.8507643
40,1966003917,2152510454,3528617755.036124
41,2152510455,2154903026,3298101179.915705
