1,1,27629753,2310872929.033984
2,27629754,33453450,2766358170.3247447
3,33453451,42517173,3425243577.360602
4,42517174,85883490,4680293021.004849
5,85883491,91276808,5047912035.897366
6,91276809,123041760,5933234177.760584
7,123041761,171771545,6350890665.443904
8,171771546,186267361,5899919734.354997
9,186267362,200724087,5063725078.587159
10,200724088,210049524,4507824706.625854
11,210049525,275950389,4268648048.513053
12,275950390,386914365,3531225394.241119
13,386914366,388209612,2736757927.3613377
14,388209613,389835907,1820323615.2496552
15,389835908,391149420,1223842106.3208776
16,391149421,391931699,778180580.240377
17,391931700,456591888,562818426.9069003
18,456591889,501686808,844664656.1690933
19,501686809,511453987,1417869226.5199676
20,511453988,527708184,2413877095.816682
21,527708185,539605860,3585071385.040198
22,539605861,550961198,4515527705.865722
23,550961199,1265109570,5139160618.938198
24,1265109571,1265848712,4725840201.680427
25,1265848713,1267092947,4283802048.6206455
26,1267092948,1268653200,3680877196.6803684
27,1268653201,1271369710,2305850076.5717297
28,1271369711,1273738541,1403540149.8628871
29,1273738542,1318970126,937859118.8412697
30,1318970127,1327419097,1454047198.501978
31,1327419098,1336076539,2077897150.995085
32,1336076540,1348884333,2790777703.136133
33,1348884334,1369400395,4106001931.883913
34,1369400396,1484445139,5481709987.471188
35,1484445140,2008838557,5556240141.703247
36,2008838558,2010215084,4880493294.976663
37,2010215085,2012458735,3512611029.766774
38,2012458736,2015134014,2449993181.9842305
39,2015134015,2016586542,1555468121.6853485
40,2016586543,2017737043,1100541504.331936
41,2017737044,2057868696,715217420.494444
