1,1,433495,27746661.21962435
2,433496,8317394,430808871.4724428
3,8317395,19831207,1602538139.992196
4,19831208,23276278,1951626792.6278195
5,23276279,27117094,2302510569.981088
6,27117095,38283818,2647311996.657162
7,38283819,63447784,3170223067.8290834
8,63447785,101257621,3527359200.09877
9,101257622,142266446,3348527659.088267
10,142266447,175365337,3126444795.2163877
11,175365338,203554909,3294102269.728681
12,203554910,275847640,3107464854.827703
13,275847641,302638850,3370981700.0371566
14,302638851,421480679,3190590956.998843
15,421480680,450649175,3730443339.4667473
16,450649176,515562539,3693569108.0550666
17,515562540,676829192,3794741145.16539
18,676829193,705010780,4020222260.189779
19,705010781,735586076,3685803236.040138
20,735586077,774863837,3864701184.724871
21,774863838,855166215,3498179582.9776635
22,855166216,923076493,3822846400.2799406
23,923076494,934000131,3987796136.151783
24,934000132,969157971,3769848485.339332
25,969157972,1006959145,3437143040.524483
26,1006959146,1106755571,3704465089.0473337
27,1106755572,1140803854,4004945529.333037
28,1140803855,1166227442,3769321322.6366
29,1166227443,1205611108,3925242999.560501
30,1205611109,1346725021,3595634672.456177
31,1346725022,1379664764,3932000298.085619
32,1379664765,1552705677,3634375669.15195
33,1552705678,1601141550,3551702397.514365
34,1601141551,1684390143,3859089615.995923
35,1684390144,1736695343,3757060381.719688
36,1736695344,1788657376,3377994569.055449
37,1788657377,1803782188,3651766042.316163
38,1803782189,1929232766,3947227942.675728
39,1929232767,1964476481,3491078902.5954027
40,1964476482,2152590291,3595593958.077209
41,2152590292,2154887608,3184722151.022707
