1,1,27178772,2325393532.295838
2,27178773,32972744,2796857786.50181
3,32972745,38405023,3296934802.813451
4,38405024,62797791,5585297261.437083
5,62797792,84372299,4272122956.5865736
6,84372300,87837260,5271891915.831597
7,87837261,124097846,5266208550.051424
8,124097847,172399670,6537305644.5509
9,172399671,194306468,5480820310.452876
10,194306469,207839829,4688019740.304322
11,207839830,275505376,4332756014.707329
12,275505377,304594083,4152717247.171254
13,304594084,386215514,3883078782.088486
14,386215515,396310898,2947207792.016307
15,396310899,402904279,2285183199.2252083
16,402904280,447887251,1832473383.898643
17,447887252,462603572,1217925866.891845
18,462603573,489357022,1406564432.8866959
19,489357023,501285966,1782189698.583185
20,501285967,530412785,3177409206.8706317
21,530412786,545912949,4274083916.572415
22,545912950,552620415,5082065404.991383
23,552620416,791996999,4669922061.409117
24,791997000,1017339419,5381563105.622435
25,1017339420,1264813946,5262813799.444499
26,1264813947,1270970716,4213630582.1403246
27,1270970717,1273418761,3760308976.1810594
28,1273418762,1279259575,2809728999.3982964
29,1279259576,1326288558,1857383811.414537
30,1326288559,1346934613,3245475685.882739
31,1346934614,1360114748,4456516895.648083
32,1360114749,1367324614,5135805120.136846
33,1367324615,1374892967,5666396232.930613
34,1374892968,1775932768,6190021700.994149
35,1775932769,2008591408,5929422643.946472
36,2008591409,2013096088,5379815071.000022
37,2013096089,2017465325,4931837104.65818
38,2017465326,2023095553,3990656614.9099097
39,2023095554,2028542185,2905933621.538739
40,2028542186,2039225092,1998640404.113787
41,2039225093,2057525906,1309595289.2092447
