1,1,998991,27751203.822385903
2,998992,8325759,354493435.85329944
3,8325760,21533933,1549488625.8821936
4,21533934,25089296,2133041671.678818
5,25089297,28065006,2446345208.287044
6,28065007,50012556,2742449256.97982
7,50012557,63357070,3200245547.8454013
8,63357071,100844407,3530207588.758266
9,100844408,140270639,3382407626.1626496
10,140270640,276960298,3115355161.4846582
11,276960299,311707706,3351551206.499406
12,311707707,410738863,3190656732.794933
13,410738864,421971107,3499900554.3834534
14,421971108,452630151,3877354001.2591567
15,452630152,520235397,3656255184.263531
16,520235398,561374475,3907460838.385896
17,561374476,674783663,3767483855.252504
18,674783664,703940921,4034840381.365832
19,703940922,802423266,3665829124.729345
20,802423267,855039736,3523788281.8830547
21,855039737,945675093,3803309943.351016
22,945675094,968551571,3722638446.20301
23,968551572,1006696548,3573733794.401446
24,1006696549,1106260013,3596540713.93272
25,1106260014,1135845744,3954139626.224456
26,1135845745,1164313155,3776445731.268632
27,1164313156,1204415178,3914193260.432929
28,1204415179,1249602119,3667699331.710457
29,1249602120,1281825583,3603361887.051547
30,1281825584,1351641014,3682112643.85336
31,1351641015,1365035543,3943520974.89126
32,1365035544,1553153208,3605384662.815134
33,1553153209,1600945496,3504560342.541719
34,1600945497,1726921403,3769163050.1669216
35,1726921404,1750518830,3543842482.9516664
36,1750518831,1795468110,3342034289.5474234
37,1795468111,1820491261,3780640587.489539
38,1820491262,1925584966,3962509638.176338
39,1925584967,1961825760,3455729107.727439
40,1961825761,2152624383,3436954576.962049
41,2152624384,2154936803,2855753610.9324927
