1,1,27516989,2290160984.682216
2,27516990,34170504,2771309113.715014
3,34170505,43495806,3453880268.491479
4,43495807,59780083,5447535532.459296
5,59780084,79563311,4332300610.384777
6,79563312,87987625,5060200003.708969
7,87987626,93354705,5473261569.363824
8,93354706,125521101,6211121083.266956
9,125521102,174696450,6401684307.2555
10,174696451,195269412,5356769806.492302
11,195269413,207808054,4496211151.1288805
12,207808055,275721462,4338435556.091452
13,275721463,326234819,4117214478.1920652
14,326234820,386212198,3703456693.52328
15,386212199,388332484,2631420041.5197024
16,388332485,390387580,1821993105.6021116
17,390387581,391317209,1271133307.5838292
18,391317210,391956621,844938788.6474233
19,391956622,456595996,573361888.8724976
20,456595997,502271852,842805394.8461847
21,502271853,512674559,1336707509.3622258
22,512674560,531107055,3027639832.916692
23,531107056,545782390,3992575158.385594
24,545782391,552574827,4785661725.209383
25,552574828,1264840348,5153268573.262394
26,1264840349,1266096641,4768150950.693046
27,1266096642,1267364944,4214561752.5707664
28,1267364945,1268590195,3624294678.286257
29,1268590196,1271907797,2154469556.5466657
30,1271907798,1319121220,931484482.4858227
31,1319121221,1326524291,1500634916.4256678
32,1326524292,1333679869,2026661952.37641
33,1333679870,1345040309,2634267222.438441
34,1345040310,1366785204,4292541691.7723017
35,1366785205,1485690475,5970341942.014509
36,1485690476,2009426706,5062088224.066287
37,2009426707,2013116576,3542208674.6964564
38,2013116577,2014813922,2630396014.002621
39,2014813923,2015944842,1937994631.765353
40,2015944843,2017225905,1402443497.0311453
41,2017225906,2057869819,675888614.5068171
