1,1,26116105,2277506671.1191974
2,26116106,32316057,2676394040.9297
3,32316058,37576297,3232130212.813336
4,37576298,60562085,5325905909.6997385
5,60562086,81515420,3703017611.5630355
6,81515421,92336685,5105823581.399755
7,92336686,122839795,5825840881.735963
8,122839796,172263410,5996401653.189394
9,172263411,191955592,5683171007.128933
10,191955593,208291976,4674451588.026225
11,208291977,280558988,4281341157.4987445
12,280558989,385927474,3868049468.5264497
13,385927475,388754409,2010133758.8367612
14,388754410,390434680,744794075.6082438
15,390434681,454942499,459593653.0184186
16,454942500,501572103,673263424.7033707
17,501572104,513542655,1320310985.9758534
18,513542656,525496012,2128504785.2417762
19,525496013,536974688,3038756689.7166505
20,536974689,549207022,4149130598.8264785
21,549207023,813115395,5544344234.051957
22,813115396,995174166,5519146073.607876
23,995174167,1264761559,5157446905.393198
24,1264761560,1265796656,4611026021.646246
25,1265796657,1266764501,3962317756.707445
26,1266764502,1268148657,3169119076.6813903
27,1268148658,1270843933,1925330706.700355
28,1270843934,1271820745,1154279551.506936
29,1271820746,1317386709,747416304.4196385
30,1317386710,1334206375,1277133517.6293004
31,1334206376,1354136583,2931902551.4886813
32,1354136584,1367619546,4387349715.52462
33,1367619547,1377583622,5190859589.149343
34,1377583623,1751834540,6001259584.760689
35,1751834541,2008212224,5799212554.490218
36,2008212225,2010245710,4691051383.383667
37,2010245711,2011299213,3960778301.9287157
38,2011299214,2012149895,3318080182.7661147
39,2012149896,2013663380,2287794094.3483324
40,2013663381,2015411445,999570659.9853805
41,2015411446,2058001227,517945669.08872795
