1,1,27034678,2315297230.5003166
2,27034679,31959893,2703323656.364311
3,31959894,40085477,3195681902.0983996
4,40085478,59160529,5419208226.472211
5,59160530,79992598,4398193326.444511
6,79992599,88038927,5142082878.908179
7,88038928,99232176,5464146583.983623
8,99232177,175254150,6362784552.855492
9,175254151,198721669,5261877636.123525
10,198721670,209158583,4602207105.828202
11,209158584,288436126,4245297982.526911
12,288436127,385647537,3705883490.736366
13,385647538,386905637,2637292879.1009493
14,386905638,388230443,1189171613.5543573
15,388230444,389032844,584636818.7404299
16,389032845,453165726,355887498.64771384
17,453165727,501735057,497012916.34711057
18,501735058,518742008,1306541422.2772903
19,518742009,529102255,2428095529.083326
20,529102256,539079068,3292360366.073473
21,539079069,544942568,4059699875.440008
22,544942569,1265125401,4426717205.190252
23,1265125402,1266585648,3317026252.7946577
24,1266585649,1267874858,2417096150.6854334
25,1267874859,1268700349,1761005129.6929166
26,1268700350,1269719388,978714373.0399953
27,1269719389,1317629414,550290551.8450632
28,1317629415,1325084851,937167162.8842036
29,1325084852,1332529688,1529237852.69146
30,1332529689,1339656896,2202635338.955239
31,1339656897,1348045023,2896980558.4156084
32,1348045024,1367499158,4270467030.9674077
33,1367499159,1377799059,5391544809.602036
34,1377799060,1689880798,6022663666.510815
35,1689880799,2008206385,5970996992.447316
36,2008206386,2009400969,4854622362.272378
37,2009400970,2010025983,4042442354.133657
38,2010025984,2010993837,3294024455.2898545
39,2010993838,2011613302,2707907297.5593724
40,2011613303,2012658190,1852924519.0591316
41,2012658191,2058368665,346142784.94310224
