1,1,26797572,2147965467.3985643
2,26797573,30858108,2685204764.548719
3,30858109,35596303,3074788013.7026052
4,35596304,61181264,5678285606.356462
5,61181265,82345423,4489105124.258097
6,82345424,88690346,5149525216.340036
7,88690347,126455751,5843351816.16501
8,126455752,171965172,6384400436.391048
9,171965173,198164088,5208909180.3598995
10,198164089,208494025,4606344954.9885
11,208494026,276631285,4313697102.500318
12,276631286,320421011,4145598693.641518
13,320421012,386184254,3359414320.899976
14,386184255,398090643,2615352539.3646336
15,398090644,402607143,2204595015.2219586
16,402607144,447911889,1796127274.9195971
17,447911890,489329502,1286125715.4146445
18,489329503,497190439,1490751170.5618007
19,497190440,513286571,2254249378.94032
20,513286572,526663284,3230423007.094673
21,526663285,533325401,3709776461.562809
22,533325402,540687103,4190140967.7504086
23,540687104,549160205,4675671874.626848
24,549160206,847452737,4567603122.628034
25,847452738,1266578787,4982506280.299458
26,1266578788,1273128145,3844625768.2304087
27,1273128146,1278639379,2778546378.9561586
28,1278639380,1281891264,2134587064.3148
29,1281891265,1318719804,1845595898.5712411
30,1318719805,1327727667,2219820644.4338527
31,1327727668,1337243223,2846129792.003676
32,1337243224,1346623363,3534505655.68776
33,1346623364,1368399962,4807511433.054
34,1368399963,1494186509,5877551273.6975975
35,1494186510,1658592330,5988607117.479008
36,1658592331,2008803248,5623779297.235904
37,2008803249,2014416526,4424459493.349432
38,2014416527,2021313082,3055587572.212634
39,2021313083,2024724570,2157065669.1972795
40,2024724571,2057482907,1851163746.473685
41,2057482908,2057553965,1280018884.977214
