1,1,28103370,2311415419.560687
2,28103371,34098098,2805993708.220434
3,34098099,41936281,3465985919.7242246
4,41936282,84285231,4491819643.52913
5,84285232,89172778,5313946262.669053
6,89172779,104354430,5957999870.36876
7,104354431,172578414,6419015792.63644
8,172578415,186009583,5912656930.596563
9,186009584,208253223,4682122521.671948
10,208253224,275626305,4321070349.312263
11,275626306,385927463,3637748817.1940465
12,385927464,387162694,2710899716.7488146
13,387162695,389314998,1542882765.9060478
14,389314999,390190643,943542143.5444949
15,390190644,390941785,648965723.896706
16,390941786,454848301,447097319.18054485
17,454848302,505295270,669074693.7834413
18,505295271,517254872,1567165161.336165
19,517254873,527088831,2527599316.448468
20,527088832,536777324,3155940987.345077
21,536777325,548330487,3901410951.819927
22,548330488,834881406,4633730926.528883
23,834881407,1264580251,4735423068.423632
24,1264580252,1267376665,3796562408.458256
25,1267376666,1269139294,2658081618.362869
26,1269139295,1270429064,1946225045.754657
27,1270429065,1271807444,1167055207.9462056
28,1271807445,1322818818,742572987.4821712
29,1322818819,1340152245,2003195605.0399778
30,1340152246,1348334226,3043325666.4577436
31,1348334227,1358880765,3755006823.068816
32,1358880766,1364630743,4437195400.609584
33,1364630744,1371984596,4903886794.185006
34,1371984597,1681019406,5933268291.403466
35,1681019407,2008181427,5623346976.1428995
36,2008181428,2010008955,4478597838.72522
37,2010008956,2011245360,3798540986.5039215
38,2011245361,2012157453,3156895572.8263984
39,2012157454,2013007077,2598671083.8365746
40,2013007078,2014426769,1699852577.944528
41,2014426770,2058034151,503826823.24396956
