1,1,6726687,27730945.496824287
2,6726688,19973977,1517903629.969021
3,19973978,24366176,1956272446.409534
4,24366177,35861980,2370820598.8127065
5,35861981,61549736,2997984221.530998
6,61549737,121631622,3222489875.5124397
7,121631623,137042999,3112286804.1131296
8,137043000,180017140,2806306564.3117423
9,180017141,203505240,3279017659.4279404
10,203505241,276604283,2876419211.6586046
11,276604284,301783855,3418086279.9538217
12,301783856,415976889,3185475292.534406
13,415976890,449546791,3805782939.6789007
14,449546792,519666215,3707244491.967336
15,519666216,562073364,3898768166.538383
16,562073365,676470890,3766396646.385344
17,676470891,710940911,4067885678.5772095
18,710940912,802370778,3679337716.498357
19,802370779,851044209,3549412187.1249046
20,851044210,949202698,3788654786.936206
21,949202699,968405210,3788590936.781228
22,968405211,1007692075,3582024126.705749
23,1007692076,1103672152,3700010173.479996
24,1103672153,1141860214,3868299188.755006
25,1141860215,1166028874,3768815274.776045
26,1166028875,1204683706,3902709741.476432
27,1204683707,1299039014,3629869416.0187817
28,1299039015,1380637804,3716036796.656855
29,1380637805,1420746893,3722585302.218001
30,1420746894,1455014494,3550594458.5858727
31,1455014495,1471592148,3882792046.5006337
32,1471592149,1553528552,3594691961.2140417
33,1553528553,1591928904,3524505117.2093024
34,1591928905,1729642392,3753064120.822364
35,1729642393,1751334172,3554750826.598197
36,1751334173,1797042473,3330398849.5430307
37,1797042474,1819747552,3818742889.796055
38,1819747553,1928079063,3899089785.225595
39,1928079064,1965834195,3467450789.067602
40,1965834196,2149566862,3641030767.707922
41,2149566863,2154936412,3219850964.995982
