1,1,2340756,27705468.85984796
2,2340757,6424176,391519649.3129157
3,6424177,20154449,1615935920.7402573
4,20154450,23499116,1961468201.5338469
5,23499117,26739817,2324574173.4043508
6,26739818,36265411,2612764688.5203605
7,36265412,62845584,3136336839.415924
8,62845585,102419544,3522622999.6217
9,102419545,140634978,3374196421.4022274
10,140634979,173636172,3143227665.252709
11,173636173,207506024,3287317189.472768
12,207506025,274492093,3138543717.737872
13,274492094,302280657,3397709358.7028136
14,302280658,419110193,3214669252.0243077
15,419110194,454771244,3962817757.016245
16,454771245,519945913,3701351645.0323935
17,519945914,561934157,3932041982.904157
18,561934158,675696729,3791175273.4202
19,675696730,704174144,4064424550.793401
20,704174145,734387707,3711664346.53751
21,734387708,776345679,3847393478.4726696
22,776345680,847829060,3603912686.7472687
23,847829061,921916572,3822548566.993598
24,921916573,943225084,4011897169.419844
25,943225085,1100349218,3629961949.746729
26,1100349219,1137258636,4000276161.922824
27,1137258637,1205822631,3758991181.1664953
28,1205822632,1335096934,3693806946.045672
29,1335096935,1375647539,3930536785.5962143
30,1375647540,1551579866,3642584263.504855
31,1551579867,1603453742,3596081711.3256617
32,1603453743,1684321364,3870283822.347426
33,1684321365,1736912230,3800276109.385328
34,1736912231,1785446894,3389758997.2451663
35,1785446895,1804967466,3688490475.443987
36,1804967467,1879675808,3944627563.072004
37,1879675809,1920328495,4111628704.846767
38,1920328496,1929778967,3869876139.626002
39,1929778968,1967829848,3562223658.6178765
40,1967829849,2152530385,3743344677.451605
41,2152530386,2154873497,2999887508.143134
