1,1,26232066,2308818383.510005
2,26232067,30816581,2663601315.4060097
3,30816582,35893161,3112393887.239698
4,35893162,46431205,3958256565.950633
5,46431206,61949082,5342918640.986443
6,61949083,78991147,3809836618.926503
7,78991148,85907625,5092285080.161694
8,85907626,92062735,5429496357.207045
9,92062736,124544940,6203805177.559497
10,124544941,177057746,6413192813.229737
11,177057747,194924206,5351770766.683726
12,194924207,209019929,4693504905.638324
13,209019930,286533790,4241483832.980192
14,286533791,388203016,3678265762.0367675
15,388203017,395785612,2651402355.6626434
16,395785613,400777903,1921016132.277421
17,400777904,447910906,1614353537.747992
18,447910907,463197098,1343339638.0607092
19,463197099,498303860,1529580172.0595632
20,498303861,508895687,1971601862.655231
21,508895688,523255265,2641798047.245184
22,523255266,542230097,4031094057.457691
23,542230098,831729293,4965895640.124369
24,831729294,1266850727,4945023482.377681
25,1266850728,1270708081,4234736660.3179564
26,1270708082,1273710694,3705358013.0436063
27,1273710695,1276722782,3097709467.582591
28,1276722783,1282721608,2027726204.3964598
29,1282721609,1318272110,1827483747.2141309
30,1318272111,1336066936,2466922873.8373322
31,1336066937,1350757970,3608536257.8466816
32,1350757971,1362116854,4547728673.6473465
33,1362116855,1371718847,5212154018.586755
34,1371718848,1656059310,6006105443.010994
35,1656059311,2008255559,5778120544.771964
36,2008255560,2011308051,5203042511.075506
37,2011308052,2015215204,4392066049.134108
38,2015215205,2019104650,3516612131.2438164
39,2019104651,2021734280,2934914750.232925
40,2021734281,2025015002,2269046152.181659
41,2025015003,2057527971,1324293979.9290977
