1,1,2393251,27773096.967447307
2,2393252,7263515,383135575.5997584
3,7263516,21752891,1606346516.9584465
4,21752892,26046329,2167206208.747427
5,26046330,36521482,2591860559.980953
6,36521483,61521896,3123766422.3503304
7,61521897,105698790,3523228844.752644
8,105698791,142484840,3355419875.2819214
9,142484841,175707667,3108977672.3582234
10,175707668,205044977,3285597619.392637
11,205044978,276229453,3121671775.6683545
12,276229454,302280534,3371922498.332945
13,302280535,417820257,3162919233.405149
14,417820258,453246223,3738079497.0783777
15,453246224,520235898,3674610041.581909
16,520235899,561375144,3900407798.41841
17,561375145,675388247,3779090783.879966
18,675388248,700175184,4053556966.166853
19,700175185,802631630,3672804150.707052
20,802631631,852591413,3547319009.210725
21,852591414,946732420,3808559002.937487
22,946732421,969337537,3744966028.820535
23,969337538,1009187227,3574173666.444244
24,1009187228,1103413897,3673018572.282661
25,1103413898,1141246114,3897724710.909425
26,1141246115,1166233207,3747615218.01369
27,1166233208,1206434404,3866354570.928438
28,1206434405,1286545261,3622621695.283775
29,1286545262,1382210026,3644776373.014748
30,1382210027,1455971440,3617917640.2517247
31,1455971441,1482313801,3787642185.122337
32,1482313802,1560098765,3656120434.314522
33,1560098766,1597440407,3516245682.6034284
34,1597440408,1727565977,3755593185.600443
35,1727565978,1750973750,3558095683.439341
36,1750973751,1793414348,3336414951.499541
37,1793414349,1819733897,3757393532.306317
38,1819733898,1927819360,3900533010.002506
39,1927819361,1967354963,3472755329.2200475
40,1967354964,2151079675,3640116719.294998
41,2151079676,2154680742,3159920598.809743
