1,1,27886908,2187842805.773511
2,27886909,35480948,2811229507.888831
3,35480949,45118998,4098067174.3434587
4,45118999,85982695,4566082417.378279
5,85982696,120980525,5496424126.857862
6,120980526,173375704,5620225582.603481
7,173375705,195893334,5243837332.473087
8,195893335,209309529,3839478967.710036
9,209309530,268310335,3534816835.4742556
10,268310336,385229851,3214892857.745398
11,385229852,385975779,2785724575.6390696
12,385975780,387076309,1434304682.7233992
13,387076310,387639455,662766012.6170402
14,387639456,451971587,228557225.88842958
15,451971588,504631741,308130560.5109086
16,504631742,513241014,794515204.2076488
17,513241015,522022504,866775860.5781815
18,522022505,533366505,838571046.4986012
19,533366506,722679903,808558363.5161139
20,722679904,723341230,866651431.843091
21,723341231,765938606,811839172.8420689
22,765938607,766723810,859170778.1015326
23,766723811,956679445,792154461.4441217
24,956679446,958056149,814331235.278641
25,958056150,1265173387,776016316.7610947
26,1265173388,1266087403,2386283842.325479
27,1266087404,1267049989,1643604784.3089285
28,1267049990,1268224305,759079468.4063121
29,1268224306,1320959709,353841500.10780203
30,1320959710,1330822590,1003346542.1743528
31,1330822591,1343362473,1924154572.38824
32,1343362474,1351963324,2901900541.17727
33,1351963325,1362225583,3777875564.835187
34,1362225584,1371707518,4457775951.298655
35,1371707519,2008631133,5020245672.643847
36,2008631134,2009021445,5146913483.364136
37,2009021446,2009650160,4159558340.8395147
38,2009650161,2010562648,3275521752.605032
39,2010562649,2011111229,2191558264.7191806
40,2011111230,2011848325,1021186571.3814547
41,2011848326,2059953420,200115506.12932828
