1,1,1753386,27772145.16489541
2,1753387,8215545,339552768.9088528
3,8215546,19973954,1535336409.9642673
4,19973955,23814486,1952755066.2731323
5,23814487,28127779,2376020850.513572
6,28127780,50769034,2826076987.643989
7,50769035,65964527,3216888567.7756763
8,65964528,106182308,3557764251.3141737
9,106182309,142399211,3347775946.0310307
10,142399212,275903515,3087486532.1157384
11,275903516,412335077,3189380413.82848
12,412335078,430271852,3555181297.399823
13,430271853,450615972,3902029368.188472
14,450615973,519845087,3677140345.625003
15,519845088,676391812,3723750631.6626034
16,676391813,716015913,3990850462.5053983
17,716015914,735743839,3689051507.9377966
18,735743840,775012432,3873927504.1542473
19,775012433,855370288,3549082011.834683
20,855370289,921612773,3824851435.735945
21,921612774,945289825,3956579422.092784
22,945289826,968800943,3333022044.269296
23,968800944,1014282032,3279782660.165041
24,1014282033,1101409132,3245043588.5657115
25,1101409133,1145030150,3636134553.796096
26,1145030151,1165971954,3293345765.381413
27,1165971955,1206479559,3575601294.9964323
28,1206479560,1338108707,3195990070.6887407
29,1338108708,1365087406,3945182832.180656
30,1365087407,1551599224,3552029045.6881766
31,1551599225,1602462163,3552333186.608472
32,1602462164,1681630364,3846016327.299042
33,1681630365,1736941201,3760421834.416506
34,1736941202,1789635461,3407954135.7605176
35,1789635462,1804527845,3682624334.573748
36,1804527846,1927749402,3936920355.0993714
37,1927749403,1967512602,3465558055.9255786
38,1967512603,2058938377,3766914916.0851054
39,2058938378,2072289096,3686121294.024571
40,2072289097,2152261120,3694838982.30256
41,2152261121,2154903800,3076495776.878215
