1,1,377264,27769141.855783485
2,377265,7863219,488243578.07202345
3,7863220,22203166,1542270228.798551
4,22203167,26169364,2220920906.7557755
5,26169365,38223983,2565918171.016531
6,38223984,63528377,2987700118.0873275
7,63528378,111274546,3261235661.953042
8,111274547,138973721,3017332261.1021423
9,138973722,279649228,2708349620.869515
10,279649229,302567291,3402894661.0617814
11,302567292,412202283,3165159102.613352
12,412202284,430741867,3653484151.591101
13,430741868,452935698,3972665403.818708
14,452935699,516348101,3663958236.5603824
15,516348102,674927220,3838287154.396737
16,674927221,709314953,4055784466.150742
17,709314954,736450513,3697120218.717706
18,736450514,775431068,3907847647.355091
19,775431069,851641603,3597767282.628707
20,851641604,921947510,3756373644.54136
21,921947511,935420153,4076194264.554688
22,935420154,968514984,3818231995.037536
23,968514985,1010927085,3598273694.552606
24,1010927086,1106108121,3686429075.75981
25,1106108122,1140429849,4001807603.091888
26,1140429850,1207439615,3693518013.9374375
27,1207439616,1336514495,3586892836.5542645
28,1336514496,1380921994,3888782489.241339
29,1380921995,1545909241,3643750183.0722327
30,1545909242,1602643880,3582634378.325992
31,1602643881,1684766945,3872394699.8585954
32,1684766946,1744533839,3698536499.765103
33,1744533840,1788427120,3394623426.7002
34,1788427121,1806869229,3692572009.593295
35,1806869230,1880139619,3960743682.7430735
36,1880139620,1919726227,4120219175.625426
37,1919726228,1929655784,3863534190.177956
38,1929655785,1966898463,3538060272.453068
39,1966898464,2152569947,3626291425.8649673
40,2152569948,2154620852,3246222178.1978555
41,2154620853,2154874937,2993766856.846866
