1,1,27832737,2192322533.196217
2,27832738,33745770,2789216031.0354137
3,33745771,39845945,3384112683.513877
4,39845946,78263556,4420394898.085744
5,78263557,88008716,5126898333.00973
6,88008717,126144442,5221182299.452759
7,126144443,172667179,6601226061.892266
8,172667180,186843149,5883066325.199035
9,186843150,208070745,4571313921.363433
10,208070746,268722148,4270259757.401513
11,268722149,318086888,4111484369.3515058
12,318086889,385368250,3628736362.6410317
13,385368251,386208129,2604322561.3170586
14,386208130,387069414,1637310893.670177
15,387069415,387363318,864708264.0940782
16,387363319,387783584,501870861.93702245
17,387783585,451398134,240969308.1285274
18,451398135,502101864,324786543.8260423
19,502101865,507164470,639852395.6674182
20,507164471,513113331,1070498223.1272705
21,513113332,520013994,1618235666.2257707
22,520013995,527525301,2101996247.0695221
23,527525302,1265353262,2898010393.439124
24,1265353263,1266173441,2348527560.4911346
25,1266173442,1266942484,1853735751.4196186
26,1266942485,1267638460,1194185134.6049082
27,1267638461,1268379057,636807765.9857104
28,1268379058,1320216790,348340393.5808701
29,1320216791,1331604503,908920342.0185722
30,1331604504,1343204280,1965435046.2136045
31,1343204281,1349842903,2852946459.2247195
32,1349842904,1360044835,3553402475.559476
33,1360044836,1366177014,4253602568.600749
34,1366177015,1372295981,4779335981.131429
35,1372295982,2008628207,5364336601.894042
36,2008628208,2009112792,4842707161.844956
37,2009112793,2009733337,4119586569.855592
38,2009733338,2010520977,3198979554.6736255
39,2010520978,2011278920,1906326149.1500435
40,2011278921,2012048870,728721613.4027344
41,2012048871,2059191467,237860077.3090413
