1,1,27754423,2292488135.546147
2,27754424,34607391,2806485868.8084993
3,34607392,45079168,3523152174.9342465
4,45079169,84091067,4559991140.429279
5,84091068,90708521,5028704508.309238
6,90708522,120444250,5666843809.139515
7,120444251,173714756,6424568163.769678
8,173714757,188508575,5727090727.629886
9,188508576,207929851,4487029204.967132
10,207929852,282143690,4199149036.733647
11,282143691,385344547,3640505087.5991654
12,385344548,386491874,2812788792.4060335
13,386491875,388199722,1322166283.4166842
14,388199723,389036158,728020503.7606223
15,389036159,454025232,350708016.66997874
16,454025233,506978630,480962868.30007535
17,506978631,520055337,1558899350.4057891
18,520055338,529388448,2462719038.01664
19,529388449,537598084,3256441827.146469
20,537598085,551144077,2858369388.7792645
21,551144078,720073482,1967665779.0907469
22,720073483,721368497,1961156927.8566074
23,721368498,1102258086,2062873727.451688
24,1102258087,1109542417,2069402618.6716533
25,1109542418,1265122442,3326461641.358839
26,1265122443,1266141523,3601052800.212056
27,1266141524,1267274956,2738766923.57067
28,1267274957,1268374528,1516699755.7479525
29,1268374529,1269558869,1215250453.2089243
30,1269558870,1317375287,528830999.97464186
31,1317375288,1325020182,858255890.8229718
32,1325020183,1335835468,1579285895.4739912
33,1335835469,1350568175,2701414584.2899637
34,1350568176,1362105174,3903862478.590334
35,1362105175,1371006563,4702646649.769997
36,1371006564,2008659357,5463582151.51939
37,2008659358,2009861056,4307743386.866376
38,2009861057,2010721543,3386481532.2332196
39,2010721544,2011711556,2592434230.8124213
40,2011711557,2012963071,1441780699.574643
41,2012963072,2058431953,372358473.03745866
