1,1,2279288,27760504.246063896
2,2279289,7721032,336256439.893504
3,7721033,20670517,1629282531.489879
4,20670518,23874007,2063887245.1807213
5,23874008,27435350,2346100024.6865325
6,27435351,38488326,2707742613.672739
7,38488327,60916860,3163502833.776445
8,60916861,61243331,1559280893.43669
9,61243332,101646752,3240995866.9747334
10,101646753,141835194,3202484339.747576
11,141835195,277147196,3138579107.266213
12,277147197,413814814,3225968821.982999
13,413814815,426405620,3601947469.359222
14,426405621,452417618,3842303367.742822
15,452417619,517413252,3774432534.7871895
16,517413253,541200416,3937064300.239436
17,541200417,670003528,3841211981.7275424
18,670003529,711850911,4074574099.8558006
19,711850912,776184559,3755882180.260554
20,776184560,854315040,3637669153.634432
21,854315041,924808017,3807370750.468845
22,924808018,934923304,4159444728.07078
23,934923305,952457726,3879188235.193151
24,952457727,1035804121,3644238096.877135
25,1035804122,1069965730,3841421595.130161
26,1069965731,1102527855,3739977858.350413
27,1102527856,1203275581,3832894893.452754
28,1203275582,1285917763,3716563300.7249775
29,1285917764,1414040584,3811920378.5023007
30,1414040585,1455266959,3666242763.508676
31,1455266960,1481115099,3899215897.149676
32,1481115100,1557618345,3690837010.3593225
33,1557618346,1599967090,3492718396.1835504
34,1599967091,1731635314,3847317611.045616
35,1731635315,1749928765,3617108992.171981
36,1749928766,1793026356,3409954693.547351
37,1793026357,1817167750,3792074198.706568
38,1817167751,1920114172,4073258252.534287
39,1920114173,1930829193,3776916316.5307937
40,1930829194,1965983673,3556838786.661335
41,1965983674,2153808757,3439670010.528449
