1,1,26559749,2024579487.3547742
2,26559750,31032907,2679402144.3029237
3,31032908,38123667,3087679998.038753
4,38123668,58392716,5355756064.694826
5,58392717,81943255,4089178243.064347
6,81943256,87207524,4989063551.983155
7,87207525,124496643,5681157728.959259
8,124496644,170573795,6457983165.204159
9,170573796,197445829,5324736721.978547
10,197445830,207493095,4612628528.613191
11,207493096,275213124,3989276564.6100154
12,275213125,314159871,3577065751.939757
13,314159872,385384227,3433778806.21757
14,385384228,391002123,3131146800.1816993
15,391002124,397204550,2171193482.662691
16,397204551,399558568,1778253796.5105271
17,399558569,447936866,1464444875.529126
18,447936867,461222133,1089081681.2390387
19,461222134,501261775,1368115043.6087515
20,501261776,516984975,2797323354.5785594
21,516984976,525271987,3222551370.7515116
22,525271988,531445336,3628797344.8409085
23,531445337,543030024,4108893146.2279983
24,543030025,1267461116,4837155326.456969
25,1267461117,1273274621,3774028885.552652
26,1273274622,1275752577,3265286163.2105255
27,1275752578,1278351763,2896013085.2064357
28,1278351764,1281437831,2411937468.6136994
29,1281437832,1319067192,1829634460.1118817
30,1319067193,1328896344,2238881035.010742
31,1328896345,1347253612,3151959289.7684097
32,1347253613,1366746840,4990849797.833045
33,1366746841,1373199892,5517976283.696336
34,1373199893,1458940997,5857382222.585775
35,1458940998,2008885101,5548685284.381732
36,2008885102,2016005918,4154861736.2808323
37,2016005919,2018487075,3700931236.042887
38,2018487076,2021338113,3069416761.865627
39,2021338114,2024255856,2646324084.321803
40,2024255857,2057558846,1837278479.3378248
41,2057558847,2057589450,1311592766.7868633
