1,1,27424509,2157623117.8632545
2,27424510,33704089,2759257420.7591705
3,33704090,45594780,3422794740.504375
4,45594781,60859235,5339598958.2009325
5,60859236,83533842,4626077262.628338
6,83533843,89063508,5072206464.452341
7,89063509,123728889,6077299954.484452
8,123728890,176436605,6412293794.105855
9,176436606,194217431,5431143648.459021
10,194217432,207972954,4661651502.928603
11,207972955,289895887,4229418287.6416917
12,289895888,387173689,3816912599.9237437
13,387173690,395270383,3000228388.041935
14,395270384,402728274,2355855958.4200115
15,402728275,447918756,1806547290.0270088
16,447918757,488012052,1189385702.8313448
17,488012053,499089218,1543837493.0180779
18,499089219,509318892,1939929301.1593142
19,509318893,522639283,2706082885.0602164
20,522639284,531253832,3525139910.0854816
21,531253833,538574516,4023917816.2907696
22,538574517,546950829,4521906381.779559
23,546950830,1265966530,5066172541.98381
24,1265966531,1271452011,4132834294.83147
25,1271452012,1276227412,3202617821.6443434
26,1276227413,1279536124,2546813971.368549
27,1279536125,1282181516,2092512467.5010877
28,1282181517,1316345454,1836998732.2596285
29,1316345455,1323037624,2134776265.8282104
30,1323037625,1331789623,2592226795.9215016
31,1331789624,1343739982,3195749224.051213
32,1343739983,1356610707,4109367514.015404
33,1356610708,1369664675,4978360030.911427
34,1369664676,2009005703,5451157013.443535
35,2009005704,2012154077,4898869813.005344
36,2012154078,2016445840,4075133102.1277866
37,2016445841,2019379767,3410629396.5139947
38,2019379768,2022732777,2761586967.3972416
39,2022732778,2026251788,2045208775.0529983
40,2026251789,2057491541,1835650212.7626135
41,2057491542,2057534768,1280499819.9659095
