1,1,2313935,27765727.966331407
2,2313936,7298263,300188635.7280083
3,7298264,20142286,1600124314.6649363
4,20142287,24080456,1958590669.4067204
5,24080457,29287454,2363606241.5922213
6,29287455,48740402,2518064382.602425
7,48740403,63794119,3134239871.3428597
8,63794120,103117335,3205666430.991691
9,103117336,141300216,3010558458.3411326
10,141300217,277290370,2752027250.647012
11,277290371,302706383,3349402941.851793
12,302706384,413021153,3163702477.015233
13,413021154,420011289,3583065382.388865
14,420011290,453539244,3858394898.64212
15,453539245,519935495,3674339102.0328712
16,519935496,561221825,3846978712.355743
17,561221826,669323644,3751530811.1797104
18,669323645,710322404,4006759924.752847
19,710322405,802372770,3641139702.150664
20,802372771,855246119,3551638959.971416
21,855246120,922331626,3800500672.5047135
22,922331627,944762059,3931243052.325493
23,944762060,968545482,3759558740.4271607
24,968545483,1009130416,3570134030.541722
25,1009130417,1096710011,3671406015.263584
26,1096710012,1135643770,3964240856.038689
27,1135643771,1165564797,3778287561.05912
28,1165564798,1204817584,3935098134.5439305
29,1204817585,1247527362,3745197868.10852
30,1247527363,1283083505,3642775489.747781
31,1283083506,1351914739,3723517615.176161
32,1351914740,1363419572,3971824235.725075
33,1363419573,1551598748,3595936667.858074
34,1551598749,1602738128,3530083834.0318284
35,1602738129,1731358894,3742519145.658682
36,1731358895,1794143315,3384687893.072833
37,1794143316,1819640679,3801153195.692534
38,1819640680,1927914074,3917118662.78296
39,1927914075,1965068617,3481792593.895685
40,1965068618,2151760450,3636196714.749381
41,2151760451,2154935029,2971126366.617196
