1,1,2061133,27777385.371595867
2,2061134,6993569,341636191.401655
3,6993570,23255112,1772477914.651934
4,23255113,27376475,2288496485.7287707
5,27376476,37587692,2566693992.925652
6,37587693,64988154,3168498051.672979
7,64988155,105274813,3089170392.8666606
8,105274814,141554738,3005289810.1848
9,141554739,277940211,2782271615.3633804
10,277940212,302666781,3385840515.1162577
11,302666782,419362610,3211070164.8414364
12,419362611,452814016,3893964759.782149
13,452814017,519327208,3697194470.745672
14,519327209,675651630,3784676209.861127
15,675651631,703447729,4061824015.285614
16,703447730,738234385,3660485370.325849
17,738234386,775883145,3861336456.765433
18,775883146,854265887,3512373350.046875
19,854265888,921735695,3818113710.139143
20,921735696,941158839,3989253778.984277
21,941158840,968424232,3773009465.7193546
22,968424233,1007826680,3551487265.0614944
23,1007826681,1096133316,3685093860.93219
24,1096133317,1137286780,4014000546.917918
25,1137286781,1166659633,3792866504.9044313
26,1166659634,1204672503,3942308121.08274
27,1204672504,1344310872,3636233069.9289856
28,1344310873,1365606279,3967912669.957113
29,1365606280,1551453424,3638109261.536656
30,1551453425,1602206081,3563242111.317841
31,1602206082,1684234487,3869541373.1251945
32,1684234488,1730876425,3809236965.9524527
33,1730876426,1788616229,3400830956.5801373
34,1788616230,1801057995,3630012478.905336
35,1801057996,1926548774,3914348982.6549807
36,1926548775,1963237397,3520359084.328249
37,1963237398,2043188211,3769321274.063763
38,2043188212,2077372209,3691623309.078604
39,2077372210,2123666204,3865255835.832016
40,2123666205,2152583641,3642307837.712746
41,2152583642,2154896001,3262559338.7833896
