1,1,3401825,27770817.59473259
2,3401826,9548657,424083846.8932768
3,9548658,19272374,1547230250.061012
4,19272375,22555863,1905092647.302697
5,22555864,25589959,2209620667.883563
6,25589960,29645624,2529211559.1843643
7,29645625,48140624,2870385455.025772
8,48140625,63488653,3222663840.293561
9,63488654,109414075,3570193294.4231253
10,109414076,141235107,3409525059.016396
11,141235108,172586422,3153275740.723314
12,172586423,207096820,3305037647.337712
13,207096821,274675844,3137566119.374515
14,274675845,414461275,3243356642.804415
15,414461276,429437755,3644903196.350003
16,429437756,451769221,3996403776.483514
17,451769222,519497536,3765999366.59244
18,519497537,562651852,3952282315.994338
19,562651853,676173455,3858250155.344243
20,676173456,714305346,4032835465.904258
21,714305347,735097907,3729832552.926573
22,735097908,775996910,3821608619.489634
23,775996911,855170438,3599220474.0454297
24,855170439,919222487,3883158446.089272
25,919222488,946463475,3987440010.419299
26,946463476,1034181918,3099457962.9997554
27,1034181919,1074125080,3425419233.3552127
28,1074125081,1101902064,3308589201.9478035
29,1101902065,1203174591,3498495594.772094
30,1203174592,1285331414,3185030390.170256
31,1285331415,1392996288,3501502087.3969555
32,1392996289,1546678426,3672477919.606783
33,1546678427,1602333809,3618862965.360084
34,1602333810,1729525260,3866382812.54611
35,1729525261,1749424403,3651750843.60798
36,1749424404,1792836217,3390879397.209594
37,1792836218,1814477843,3824472111.219252
38,1814477844,1928732502,3959063462.387932
39,1928732503,1967173446,3574914053.738083
40,1967173447,2151590908,3740441489.890565
41,2151590909,2154498082,3368409474.9114203
