1,1,2982722,27772334.43626846
2,2982723,7682533,401003902.8067339
3,7682534,21100113,1674224754.46083
4,21100114,24319188,2079321801.9224656
5,24319189,28203011,2340235941.2606745
6,28203012,49155172,2751346514.4717965
7,49155173,64280752,3208303413.848869
8,64280753,102233950,3526464958.351444
9,102233951,141921592,3380115614.5047383
10,141921593,277791178,3056369980.3829145
11,277791179,302492457,3382768886.6679525
12,302492458,412637525,3195926679.723079
13,412637526,428517139,3548646036.566535
14,428517140,453393053,3914384917.376019
15,453393054,519667724,3711380371.6719904
16,519667725,676904019,3769415896.5338006
17,676904020,715882007,3947032223.055368
18,715882008,737075087,3675590545.906815
19,737075088,775136574,3852611161.420616
20,775136575,852849071,3512368816.404324
21,852849072,921900406,3803951855.88401
22,921900407,948422274,3969327869.6533623
23,948422275,974970501,3709237191.408223
24,974970502,1009842574,3543310619.739915
25,1009842575,1107765835,3462507370.2852125
26,1107765836,1141250968,3991800450.9304585
27,1141250969,1165751954,3365308851.343395
28,1165751955,1205145454,3410249656.5697083
29,1205145455,1255149056,3345144252.590033
30,1255149057,1280550864,3078660153.8196554
31,1280550865,1345454803,3451353559.7191133
32,1345454804,1374987216,3855990490.055104
33,1374987217,1551504087,3334143991.348768
34,1551504088,1600268850,3551757718.7754407
35,1600268851,1732265654,3788576952.3606815
36,1732265655,1794442400,3344970288.823756
37,1794442401,1819215046,3779812141.354128
38,1819215047,1928530401,3941789175.05207
39,1928530402,1965647477,3478381698.6797976
40,1965647478,2152597945,3543952594.258477
41,2152597946,2154740398,3240538789.6341643
