1,1,2874792,27763592.29378684
2,2874793,8198886,448986246.810136
3,8198887,19973968,1546690126.6187522
4,19973969,23813717,1950238044.7777092
5,23813718,27978254,2343944731.2062664
6,27978255,47785673,2710411346.542145
7,47785674,62951316,3149448276.28378
8,62951317,111729382,3496506916.5189123
9,111729383,140948955,3373245130.459503
10,140948956,277452813,3107527521.5357323
11,277452814,311131386,3365884677.013436
12,311131387,412358199,3159199797.212706
13,412358200,430313041,3558962762.3090634
14,430313042,451606749,3883741392.8035703
15,451606750,520315524,3701205592.437127
16,520315525,562620203,3907683831.954337
17,562620204,675572158,3776743773.2246704
18,675572159,705069039,4004507750.455435
19,705069040,775432728,3701938722.535631
20,775432729,855801503,3547860992.641939
21,855801504,921748105,3763922656.714225
22,921748106,935146594,4037544708.8537
23,935146595,968521640,3789973339.795944
24,968521641,1009018586,3623301336.456119
25,1009018587,1101094539,3635274201.715484
26,1101094540,1141878768,3956814174.839521
27,1141878769,1165340832,3811855928.437769
28,1165340833,1205672109,3908814373.501945
29,1205672110,1337567491,3639404190.813323
30,1337567492,1379980318,3877871125.563543
31,1379980319,1546304623,3637524931.01148
32,1546304624,1602754651,3536813402.545022
33,1602754652,1684262620,3861763877.309527
34,1684262621,1734126829,3814971992.5281854
35,1734126830,1750219110,3602617022.186801
36,1750219111,1789253636,3403626329.961523
37,1789253637,1804433493,3662532771.986457
38,1804433494,1929440367,3921352215.0838737
39,1929440368,1963497809,3480127797.389721
40,1963497810,2152572963,3649566482.907738
41,2152572964,2154901547,3343795528.3406954
