1,1,10223435,846017921.8921206
2,10223436,12503515,1020416307.9929128
3,12503516,16527773,1320392637.4576674
4,16527774,21055087,1877587092.5200531
5,21055088,25045987,1284643709.2400458
6,25045988,30214342,1710823368.4364846
7,30214343,51046639,1854032219.330618
8,51046640,61025901,2155237521.129256
9,61025902,81550736,2400870451.1956887
10,81550737,87139746,2617907107.8493414
11,87139747,95230114,2904870605.256186
12,95230115,104323004,3392421460.472291
13,104323005,113392056,3754562319.921347
14,113392057,124206080,4155541827.2457047
15,124206081,204248028,4166275685.109111
16,204248029,447481545,4042811519.5449214
17,447481546,615895323,3995487763.120611
18,615895324,814133868,3886420964.60229
19,814133869,924952468,3857050273.660796
20,924952469,1063362454,3513599186.1868563
21,1063362455,1219672085,3531644539.7276053
22,1219672086,1420014830,3562840227.2935023
23,1420014831,1597350026,3526684431.8692884
24,1597350027,1813044961,3471797357.434276
25,1813044962,2034079307,3413610077.570927
26,2034079308,2406560846,3365379971.879999
27,2406560847,2711212977,3125943309.2144337
28,2711212978,3250317177,2770434335.603647
29,3250317178,3806997355,3239973256.884559
30,3806997356,3813394490,3156496723.786027
31,3813394491,3821028156,2925717978.193228
32,3821028157,3829948541,2687396173.565864
33,3829948542,3840113384,2403461451.746728
34,3840113385,3844275658,2171448077.2152643
35,3844275659,3847980730,1924470973.8775756
36,3847980731,3866580359,1615027491.2782762
37,3866580360,3867114751,1216045940.4203718
38,3867114752,3867707883,865214276.3105
39,3867707884,3868126081,623484629.591315
40,3868126082,3868364964,429676592.1604616
41,3868364965,3874348135,199592853.65902385
42,3874348136,3879416866,423976588.06587607
43,3879416867,3885356785,950721223.1808212
44,3885356786,3888593870,1339278643.7427075
45,3888593871,3889160161,957846682.7145149
46,3889160162,3889633297,618199963.505577
47,3889633298,3889958598,377006585.75274
48,3889958599,3893173436,192479726.67135125
49,3893173437,3897144188,425261869.47217447
50,3897144189,3900862261,711289376.5232427
51,3900862262,3906471996,417950921.454621
52,3906471997,3909493820,647356465.1239535
53,3909493821,3912990717,991253599.828788
54,3912990718,3913320892,755488997.2864034
55,3913320893,3913735809,417276245.36182606
56,3913735810,3916251427,190876684.03650528
57,3916251428,3920398567,415099673.1754941
58,3920398568,3923540757,743297035.7423571
59,3923540758,3926472729,939029500.820934
60,3926472730,3926913598,616224215.1369927
61,3926913599,3927217556,362327418.2144295
62,3927217557,3929517450,200766358.61450064
63,3929517451,3933445256,369014194.2921972
64,3933445257,3937190295,639660992.5880697
65,3937190296,3939855963,982992744.0936255
66,3939855964,3941090941,669294710.2258325
67,3941090942,3946676871,371089169.1771137
68,3946676872,3950835095,693828555.7654068
69,3950835096,3956603538,1131283885.9587457
70,3956603539,3961141946,1596613066.0172071
71,3961141947,3964895170,1813957087.162496
