1,1,25730363,2288014063.9647794
2,25730364,29966252,2624810962.3857565
3,29966253,39640969,3013545692.209514
4,39640970,60211342,5559117858.278123
5,60211343,81638316,3973808758.208213
6,81638317,89250927,5160908774.219504
7,89250928,102526785,6161752401.788271
8,102526786,172310077,6555670645.755912
9,172310078,197156880,5359227952.290842
10,197156881,208593910,4595422856.17934
11,208593911,282715258,4276206875.49131
12,282715259,386263000,3942956364.635691
13,386263001,395118482,2586100206.4023266
14,395118483,399463559,1772266128.6133816
15,399463560,447912769,1495432621.005215
16,447912770,463072806,1263394066.6385813
17,463072807,491403315,1608287103.2948108
18,491403316,504182257,1803960136.7105162
19,504182258,532126764,3576429404.32637
20,532126765,546188484,4359990304.92031
21,546188485,553876496,5137322147.055714
22,553876497,801057345,5283534296.617331
23,801057346,1031682663,5476044371.599329
24,1031682664,1264646934,5308970483.861735
25,1264646935,1270248723,4370197706.049622
26,1270248724,1275188892,3494337515.679961
27,1275188893,1279824615,3026772125.930507
28,1279824616,1283306219,2183960513.2139087
29,1283306220,1319893480,1904425088.3798587
30,1319893481,1330862847,2579766149.960039
31,1330862848,1338783623,3192439195.700939
32,1338783624,1350375524,3835848061.6965456
33,1350375525,1373826519,5209209416.242268
34,1373826520,1752091479,5121300615.953401
35,1752091480,2008926630,5167404304.480252
36,2008926631,2011441414,5255248413.130097
37,2011441415,2019093546,4379173705.2761135
38,2019093547,2024461325,3300677127.0276823
39,2024461326,2028675196,2543959798.7808075
40,2028675197,2057435527,1889713976.3947487
41,2057435528,2057499170,1315388404.854617
