1,1,2792653,27713349.076134637
2,2792654,7013171,334146464.001354
3,7013172,21247293,1587322827.8907042
4,21247294,24888170,2112631142.4376009
5,24888171,27670103,2444426003.254674
6,27670104,37961666,2755046106.379097
7,37961667,64570633,3204026585.0338984
8,64570634,112970507,3550613927.126207
9,112970508,141582116,3379747164.4586883
10,141582117,174458296,3133165835.0873723
11,174458297,205434024,3285375521.639696
12,205434025,274984777,3142398069.2094674
13,274984778,412575800,3245809699.739746
14,412575801,424140485,3544661203.115879
15,424140486,450701699,3951196267.492452
16,450701700,519653833,3729371705.994785
17,519653834,676717246,3767641147.6605687
18,676717247,708595745,4004584337.810972
19,708595746,735020582,3740596303.7795777
20,735020583,775284760,3840943766.164516
21,775284761,847842125,3499029388.60987
22,847842126,917861165,3730022311.912705
23,917861166,947408782,3980866434.760767
24,947408783,1022206996,3599930403.750833
25,1022206997,1102248677,3755050317.242769
26,1102248678,1205548509,3809487142.890439
27,1205548510,1336598741,3699884615.71042
28,1336598742,1381345540,3860358598.162128
29,1381345541,1547058409,3680504377.740178
30,1547058410,1601079409,3579350608.6892304
31,1601079410,1730625097,3835202015.261586
32,1730625098,1751156401,3627137957.53801
33,1751156402,1787819605,3431445421.067423
34,1787819606,1804607377,3699984879.3087134
35,1804607378,1880295948,3941463721.6503706
36,1880295949,1920111559,4119118308.0774274
37,1920111560,1929429820,3878767224.277211
38,1929429821,1966242250,3481605875.769125
39,1966242251,2152565499,3284662311.851985
40,2152565500,2154239715,3110779560.488964
41,2154239716,2154875187,2394785217.038649
