1,1,909837,27702329.58640248
2,909838,6626808,307559706.8243922
3,6626809,19973964,1596610419.3711135
4,19973965,24020752,1992670779.5687523
5,24020753,27653325,2320114459.617341
6,27653326,37238605,2693722328.5269365
7,37238606,62393427,3156015725.23857
8,62393428,101169873,3420349261.0192027
9,101169874,140407391,3323065933.098202
10,140407392,172324561,3083427877.453496
11,172324562,206214632,3273978729.8999143
12,206214633,279502891,3062916915.893461
13,279502892,303174578,3381482834.795073
14,303174579,419852978,3206902717.3046327
15,419852979,451662275,3725243196.83621
16,451662276,519546575,3686234112.019348
17,519546576,676790216,3498777594.815696
18,676790217,703163286,4031875475.56657
19,703163287,740195082,3307776126.6288614
20,740195083,798927862,3267959560.1314845
21,798927863,852669371,3246246796.045393
22,852669372,942910948,3399795771.240099
23,942910949,968544917,3437301524.3717275
24,968544918,1006028603,3223112871.324694
25,1006028604,1106598134,3689930208.6834345
26,1106598135,1136276735,3951957340.4737806
27,1136276736,1164353325,3753664755.2495584
28,1164353326,1205107446,3906641849.259756
29,1205107447,1285758668,3636407085.0703983
30,1285758669,1353947623,3682939288.065367
31,1353947624,1364973648,3983953512.086755
32,1364973649,1552030940,3621222187.102229
33,1552030941,1598772195,3536115031.8214726
34,1598772196,1732325023,3796195671.952522
35,1732325024,1751167131,3552505784.5042696
36,1751167132,1795678028,3351137935.3554707
37,1795678029,1820700503,3806153547.8202906
38,1820700504,1929026231,3874526197.8078976
39,1929026232,1966998920,3480740336.818049
40,1966998921,2152280018,3601142386.981004
41,2152280019,2154934989,3135319340.0543494
