1,1,1578993,27774427.553717755
2,1578994,7327104,666598958.8914438
3,7327105,19595885,1602430834.257455
4,19595886,23463473,1954583095.2485604
5,23463474,26617591,2271627596.351536
6,26617592,37043147,2651909713.1312127
7,37043148,61692481,3146457089.83552
8,61692482,111668663,3510870452.587661
9,111668664,138835441,3380394848.423001
10,138835442,171439856,3124438765.039617
11,171439857,205242900,3267662757.467108
12,205242901,272160830,3109213493.4975185
13,272160831,302639838,3395475004.109687
14,302639839,419809515,3187077425.3528056
15,419809516,451138955,3862124922.666627
16,451138956,519473324,3687821703.301604
17,519473325,676371258,3767393511.403147
18,676371259,710493223,4052972062.493751
19,710493224,807303522,3678275470.3448815
20,807303523,846730302,3538852717.8960385
21,846730303,948198509,3824482865.6152034
22,948198510,968441846,3775052164.774245
23,968441847,1007213798,3590078270.3088
24,1007213799,1105926894,3558628388.741325
25,1105926895,1134050771,3951945335.370354
26,1134050772,1164740492,3800045022.773784
27,1164740493,1204973285,3951200827.179663
28,1204973286,1246949238,3745723764.3287497
29,1246949239,1281854554,3627921936.847284
30,1281854555,1351622755,3716604164.895936
31,1351622756,1365316345,3966751700.060632
32,1365316346,1553004474,3633018994.9531193
33,1553004475,1602288315,3538299163.618243
34,1602288316,1725371737,3802500821.093261
35,1725371738,1749998561,3579139070.309616
36,1749998562,1793754212,3360009197.3044505
37,1793754213,1820453092,3797344760.3105273
38,1820453093,1927828709,3870453547.638058
39,1927828710,1966188324,3466987917.5923305
40,1966188325,2152233499,3659524606.9917097
41,2152233500,2154932350,2937605382.1522145
