1,1,567542,27747588.51549809
2,567543,9002523,435269028.0700738
3,9002524,22537344,1647285302.9431076
4,22537345,26110390,2221960844.5893555
5,26110391,29041907,2588026969.858412
6,29041908,39902736,2852505359.726253
7,39902737,64569642,3284515826.134781
8,64569643,101581865,3542891086.4031577
9,101581866,142541583,3385592387.979564
10,142541584,176052409,3110242075.67464
11,176052410,205586481,3302896838.3539543
12,205586482,271608403,3084677090.0890856
13,271608404,413319805,3229996073.8277774
14,413319806,437536656,3652354186.49444
15,437536657,452048079,3983030615.106333
16,452048080,491810493,3724704439.175801
17,491810494,670885134,3859204311.694364
18,670885135,712257413,3988634866.95359
19,712257414,735086562,3709486293.166624
20,735086563,775962656,3781220506.127644
21,775962657,853977236,3641202678.16196
22,853977237,919551970,3848260633.707532
23,919551971,948762496,3949918260.948576
24,948762497,1025991753,3667313015.369277
25,1025991754,1069944593,3839406487.157572
26,1069944594,1100706987,3696257584.712374
27,1100706988,1205659053,3849058276.301271
28,1205659054,1286377958,3730650411.065143
29,1286377959,1392413506,3753328205.758452
30,1392413507,1551969902,3625710599.468521
31,1551969903,1601693826,3610567863.6943
32,1601693827,1731116666,3220882486.168873
33,1731116667,1749196219,3116045789.070156
34,1749196220,1788865780,3033662614.03424
35,1788865781,1813633222,3402301581.431111
36,1813633223,1879713210,3461384268.944217
37,1879713211,1916994946,3680916032.646933
38,1916994947,1930992949,3779827939.988767
39,1930992950,1967003824,2994927464.4795785
40,1967003825,2152525092,3378954080.574398
41,2152525093,2154867030,2963515000.8876204
