1,1,1110998,27732173.526766807
2,1110999,6820963,440394633.69618064
3,6820964,22567672,1553379169.408648
4,22567673,26988040,2228142032.5452213
5,26988041,36876648,2629641251.037748
6,36876649,63264184,3149343859.83643
7,63264185,111668996,3511493067.794821
8,111668997,142172871,3387961932.016293
9,142172872,278011200,3094217301.045118
10,278011201,310924647,3364581576.268257
11,310924648,409705449,3197678880.504837
12,409705450,428392526,3559123787.9206066
13,428392527,450452997,3890403941.246664
14,450452998,519613546,3658596160.518948
15,519613547,675671626,3667652382.95421
16,675671627,709259832,3901311533.177617
17,709259833,799114209,3581905106.152364
18,799114210,854200327,3525378950.4254384
19,854200328,946632832,3390795298.6444693
20,946632833,969159449,3755514980.7219286
21,969159450,1006767919,3578942492.852228
22,1006767920,1106822775,3677030985.384445
23,1106822776,1142743952,3946230344.222968
24,1142743953,1164297790,3693514097.257618
25,1164297791,1204352161,3882355014.2683287
26,1204352162,1287369054,3540310996.779166
27,1287369055,1381413402,3691260740.038922
28,1381413403,1552694469,3604408500.736126
29,1552694470,1597497747,3504889763.842306
30,1597497748,1732104154,3295561194.987302
31,1732104155,1750832084,3549029911.563522
32,1750832085,1792165176,3363132404.5655665
33,1792165177,1812208317,3742539499.8825727
34,1812208318,1927975518,3811180653.9854217
35,1927975519,1965498229,3237185770.037929
36,1965498230,2152623086,3546759142.327753
37,2152623087,2153636570,2729974410.576593
38,2153636571,2154223570,2245732568.2743225
39,2154223571,2154555398,1548042367.392569
40,2154555399,2154730127,908921026.990315
41,2154730128,2154937034,490060940.2205465
