1,1,26789482,2291621995.9400787
2,26789483,32519184,2741898575.7725763
3,32519185,38974067,3261368837.071239
4,38974068,60925313,5403973007.172472
5,60925314,78910282,4452854779.315329
6,78910283,87356661,5006910063.527042
7,87356662,95377489,5614760772.188762
8,95377490,127058421,6108099061.536971
9,127058422,172954743,6061148459.13031
10,172954744,189090089,5769444399.581978
11,189090090,202109172,5042490946.54247
12,202109173,208898095,4578334040.982877
13,208898096,288763974,4253538162.4587383
14,288763975,386499854,3872348072.2628126
15,386499855,393376362,3168241627.489737
16,393376363,401981097,2268223865.6210794
17,401981098,447883604,1882109202.4368358
18,447883605,497065525,1358929594.6192346
19,497065526,505636666,1788606516.3617141
20,505636667,519156182,2641208119.2651124
21,519156183,529205104,3266813823.8682513
22,529205105,540211532,3909669879.1792145
23,540211533,780896303,4654113361.574149
24,780896304,1260670587,4645400806.456554
25,1260670588,1270309226,4283486502.12623
26,1270309227,1274547682,3609050222.7178316
27,1274547683,1278300980,2885904679.801688
28,1278300981,1281530323,2173442575.9084716
29,1281530324,1317683727,1853044987.017562
30,1317683728,1325650930,2234516244.931881
31,1325650931,1333746281,2710548703.495933
32,1333746282,1358425457,3903659452.7030787
33,1358425458,1370250657,5067876822.734878
34,1370250658,1638006221,5844158773.251082
35,1638006222,2008842082,5696642015.659024
36,2008842083,2016299982,4073246918.0246572
37,2016299983,2019512110,3298549322.083755
38,2019512111,2022589633,2619898127.7595325
39,2022589634,2025103008,2098630595.8238554
40,2025103009,2057331133,1850696135.5310946
41,2057331134,2057531823,1271322438.3077197
