1,1,377291,27779352.90704211
2,377292,6854701,421632680.33098567
3,6854702,22241075,1540935785.8860855
4,22241076,26101618,2208997213.4135404
5,26101619,36265471,2562122645.728116
6,36265472,62779198,3141849365.9321017
7,62779199,111614646,3528590208.3612766
8,111614647,142330474,3386547730.718632
9,142330475,175625603,3123695268.2372465
10,175625604,205689100,3315693074.16928
11,205689101,279901048,3136987488.3061824
12,279901049,302126168,3446311035.034297
13,302126169,419362735,3247125422.3848486
14,419362736,453906459,3758947125.3069463
15,453906460,519114121,3603144688.129207
16,519114122,677193206,3634402414.790217
17,677193207,708914744,3920864275.2321
18,708914745,733618887,3574028566.532846
19,733618888,775996752,3691685302.644594
20,775996753,847770929,3290269668.0550475
21,847770930,923282592,3765827258.744345
22,923282593,947356183,3732336061.2174582
23,947356184,1102010565,3603576080.4347343
24,1102010566,1146043741,3802764550.699093
25,1146043742,1164167900,3808611649.442224
26,1164167901,1205169368,3869025335.524367
27,1205169369,1337955017,3582960488.3644366
28,1337955018,1378465766,3769125767.969701
29,1378465767,1544576031,3603460222.384546
30,1544576032,1601140710,3506207008.547835
31,1601140711,1734321792,3471148635.17755
32,1734321793,1788950817,3377681844.698711
33,1788950818,1810819931,3528935989.66424
34,1810819932,1927799726,3424683216.842899
35,1927799727,1966115978,3367057091.319985
36,1966115979,2152575581,3544242951.2594237
37,2152575582,2153189507,3191323050.746136
38,2153189508,2153834176,2711157926.7652426
39,2153834177,2154485537,1978326725.1353943
40,2154485538,2154835855,866020034.2586114
41,2154835856,2154910037,441496634.8590357
