1,1,26244016,1964761796.4824896
2,26244017,30516122,2620642299.8411756
3,30516123,36171272,3056414092.2867837
4,36171273,45925987,3657370768.610413
5,45925988,61462449,5452231648.80158
6,61462450,82951456,4089872621.289346
7,82951457,88826471,5189613552.472682
8,88826472,120251388,5301255664.715416
9,120251389,176145557,6162233949.881972
10,176145558,198042241,5290359132.826885
11,198042242,209084524,4586642019.070875
12,209084525,289208076,4210647841.4821815
13,289208077,388453340,3710650846.8172007
14,388453341,397882512,2794695282.1066303
15,397882513,402821686,2286106481.027551
16,402821687,447908089,1863475779.129186
17,447908090,463940039,1389612412.376579
18,463940040,490331108,1600185900.7340953
19,490331109,501650377,1789165264.459824
20,501650378,508047749,2251205818.0721955
21,508047750,534146909,3358259118.578868
22,534146910,549919087,4581747533.024367
23,549919088,853619772,5307124875.309993
24,853619773,1265472582,5152049733.416903
25,1265472583,1269782385,4390310631.298871
26,1269782386,1274415530,3661509608.4287963
27,1274415531,1279507895,2619081848.942916
28,1279507896,1318502923,1853939117.4665565
29,1318502924,1332881889,2373348702.017591
30,1332881890,1348642374,3389711558.5400543
31,1348642375,1359501004,4311489019.538213
32,1359501005,1371382744,5091407228.433849
33,1371382745,1787517518,6029775697.6800785
34,1787517519,2008190823,5901200303.844476
35,2008190824,2011556467,5377294978.83198
36,2011556468,2018480587,4066852840.952369
37,2018480588,2021705708,3455718308.78015
38,2021705709,2026383492,2708879030.0375743
39,2026383493,2028773905,2122058497.1557977
40,2028773906,2057495475,1759445756.0953743
41,2057495476,2057501633,1252139129.3724256
