1,1,27112816,2314295653.6662264
2,27112817,33619355,2739630959.1870027
3,33619356,43496876,3469488173.246956
4,43496877,59292482,5714668064.339892
5,59292483,81994508,4608430196.9590225
6,81994509,86951859,4994133706.099871
7,86951860,93095459,5045806052.817391
8,93095460,125790034,6001697449.277773
9,125790035,174970065,5973876794.766838
10,174970066,198619418,5192462650.848704
11,198619419,209571136,4025435340.3296976
12,209571137,277179027,3864145203.1244907
13,277179028,314450856,3705538835.77642
14,314450857,387445887,3760661917.9026456
15,387445888,397579638,2792947398.9881697
16,397579639,402636042,2274036193.6618223
17,402636043,447909816,1889868627.769678
18,447909817,485717046,1277061689.6812334
19,485717047,498236749,1538196534.2054043
20,498236750,516573190,2307736048.7071557
21,516573191,529719467,3346039211.1124578
22,529719468,535695348,3950516119.038788
23,535695349,546262686,4388564512.614418
24,546262687,1267847330,4755289481.355991
25,1267847331,1275604424,3327306676.969924
26,1275604425,1279790208,2539700360.3239284
27,1279790209,1282433312,2070813658.0299675
28,1282433313,1313874829,1845946925.3072262
29,1313874830,1324189114,2153424849.8897624
30,1324189115,1331739637,2628186039.9233236
31,1331739638,1340575473,3108700505.469564
32,1340575474,1353454068,3807875645.0804687
33,1353454069,1369707686,5416498322.3939295
34,1369707687,1490225621,5862180386.712853
35,1490225622,1656758202,5763762120.73835
36,1656758203,2009303613,5557444502.798547
37,2009303614,2014298749,4685804004.530403
38,2014298750,2021395005,3057279258.618318
39,2021395006,2024714598,2200673172.235874
40,2024714599,2057503962,1810926782.2387073
41,2057503963,2057532235,1265480101.3326712
