1,1,828594,27771572.255488437
2,828595,7601965,320489738.0886355
3,7601966,19652508,1548320631.2424402
4,19652509,23825408,1933053033.4013927
5,23825409,28367130,2323174974.4441185
6,28367131,51355373,2770885343.3206787
7,51355374,62345648,3170399144.6287465
8,62345649,101776546,3573591242.704144
9,101776547,142249168,3378513889.258769
10,142249169,176593033,3135113355.44397
11,176593034,209478872,3280381212.8216205
12,209478873,276442409,3094188958.836934
13,276442410,311465473,3262923724.7558937
14,311465474,413325330,3171178804.3644595
15,413325331,422960621,3531349959.236956
16,422960622,452675284,3926627851.9037137
17,452675285,520536873,3724353247.852941
18,520536874,561458257,3926082575.0086193
19,561458258,675711776,3798823232.358109
20,675711777,713852143,4048991545.876485
21,713852144,735167524,3734697924.50256
22,735167525,776222286,3874259854.746171
23,776222287,852839911,3564629480.8730583
24,852839912,922669719,3845081700.822241
25,922669720,946128073,4023468437.961367
26,946128074,1102591563,3601304986.263854
27,1102591564,1205271143,3794364091.041144
28,1205271144,1288307480,3667490853.7200823
29,1288307481,1392002558,3750875313.519414
30,1392002559,1545563407,3648589313.03112
31,1545563408,1603009763,3594349245.356904
32,1603009764,1728770391,3842460560.4139166
33,1728770392,1746106502,3632733447.047989
34,1746106503,1789947554,3395641382.9344854
35,1789947555,1805269146,3685635100.4094086
36,1805269147,1880270299,3906859458.037309
37,1880270300,1920749680,4115172439.629868
38,1920749681,1930027149,3798957009.555382
39,1930027150,1968258505,3504215019.117526
40,1968258506,2152569959,3623973222.15298
41,2152569960,2154884321,2969006090.92032
