1,1,27238464,2183648752.4165406
2,27238465,32743245,2748715175.6710486
3,32743246,42188224,3320045558.9907165
4,42188225,86255358,4398297097.764015
5,86255359,94280172,5350015462.762447
6,94280173,124456144,5673008677.37185
7,124456145,175427539,5926101400.191249
8,175427540,195548890,5363914627.884152
9,195548891,209131243,4565852734.429682
10,209131244,286564805,4259648567.57344
11,286564806,387335375,3742075832.5581994
12,387335376,392259506,2586490764.6817617
13,392259507,395766297,1821909571.8622556
14,395766298,397482699,1446770105.6424198
15,397482700,462973920,1041311298.4103414
16,462973921,499989570,1490599444.226244
17,499989571,511971444,1940713381.0738406
18,511971445,527431223,3360234278.571148
19,527431224,542172043,4098986856.2773647
20,542172044,551375396,4798344117.537128
21,551375397,851530705,5383888030.416198
22,851530706,1265026844,4573144807.252993
23,1265026845,1268799320,4459715831.953403
24,1268799321,1272357538,3804087989.210407
25,1272357539,1275793524,3098723159.824002
26,1275793525,1280714307,2114403385.0638478
27,1280714308,1312492752,1764835211.4705534
28,1312492753,1325900755,2133237774.8163066
29,1325900756,1342281204,3134588608.102975
30,1342281205,1350624962,3847459024.4330935
31,1350624963,1357578643,4421203948.394229
32,1357578644,1364955263,4970791413.241394
33,1364955264,1373900073,5579523873.099167
34,1373900074,1768955568,6188264691.162321
35,1768955569,2010254445,5842268672.354772
36,2010254446,2012253345,5077058132.9464855
37,2012253346,2016387697,4008514164.425201
38,2016387698,2020847035,3048177772.278811
39,2020847036,2024483066,2306924497.175144
40,2024483067,2057527910,1759680802.7429368
41,2057527911,2057557411,1185949903.2467372
