1,1,2022679,27769597.139271863
2,2022680,7682536,362683334.9885345
3,7682537,19651331,1600088065.8155584
4,19651332,23882255,1942179921.6371927
5,23882256,27935837,2332725148.540768
6,27935838,49908578,2819037735.3220906
7,49908579,62955610,3189732074.797996
8,62955611,101168893,3498628560.4906325
9,101168894,141641615,3380683360.3576183
10,141641616,276217499,3085156464.703065
11,276217500,303067824,3343737428.0225773
12,303067825,419394221,3176645769.477982
13,419394222,452973670,3872631434.239697
14,452973671,517132768,3695903042.358117
15,517132769,676470898,3789133445.9032574
16,676470899,712357301,4001136988.307193
17,712357302,802631186,3689818188.730753
18,802631187,855798772,3522943508.7311807
19,855798773,949257204,3856543326.9951463
20,949257205,976443050,3715916831.9315534
21,976443051,1006070278,3563151827.471689
22,1006070279,1105964910,3655438322.4565873
23,1105964911,1146408931,3893234640.0988007
24,1146408932,1164127379,3773442454.508636
25,1164127380,1204447902,3918621494.531871
26,1204447903,1287155421,3621723518.088661
27,1287155422,1353135643,3694271098.427104
28,1353135644,1364217917,3991162253.24571
29,1364217918,1412339495,3748599769.1517234
30,1412339496,1457546817,3247832176.8975234
31,1457546818,1479451993,3808878341.957931
32,1479451994,1550847788,3285008031.533202
33,1550847789,1600176784,3212700622.826859
34,1600176785,1721321916,3357118386.817217
35,1721321917,1749395051,3386997472.789759
36,1749395052,1794113721,2921893806.108532
37,1794113722,1820550209,3787108346.520877
38,1820550210,1927361000,3876110005.087831
39,1927361001,1966597781,3484284509.540095
40,1966597782,2152239335,3659978716.612928
41,2152239336,2154735021,3196653671.3812203
