1,1,3136786,27750796.10998151
2,3136787,7786788,392358435.4295682
3,7786789,22120323,1569601139.2537792
4,22120324,25677613,2172505175.42565
5,25677614,30190315,2511765319.241683
6,30190316,50836546,2787109369.6300173
7,50836547,63032004,3221096146.993189
8,63032005,113394573,3481084518.7612386
9,113394574,141845892,3370523929.26101
10,141845893,278265008,3113626067.794268
11,278265009,303196624,3390931297.709925
12,303196625,413078993,3171880298.22663
13,413078994,421522813,3549309118.6192355
14,421522814,450766264,3905013264.227181
15,450766265,519125366,3701142667.931721
16,519125367,676172266,3765324454.49884
17,676172267,715739889,3977774857.968754
18,715739890,736642768,3682236805.888927
19,736642769,798525675,3720025977.34184
20,798525676,852702058,3550300281.9514327
21,852702059,921940230,3820040140.927849
22,921940231,945349766,3937369449.746765
23,945349767,968545681,3754663942.349003
24,968545682,1009741574,3586829495.5384545
25,1009741575,1099688556,3678730776.691872
26,1099688557,1139848488,3895392516.0303264
27,1139848489,1164321792,3766236476.1393456
28,1164321793,1204705119,3940751609.048741
29,1204705120,1247406349,3707245818.602345
30,1247406350,1285561052,3588891786.85796
31,1285561053,1351999928,3684866336.442604
32,1351999929,1375331103,3902211442.029281
33,1375331104,1552668753,3609062677.895823
34,1552668754,1600809608,3447409211.113785
35,1600809609,1731232674,3738310886.2967935
36,1731232675,1751269111,3555683352.4881377
37,1751269112,1794045283,3361724238.3532987
38,1794045284,1819295750,3774643670.183359
39,1819295751,1928685870,3874012670.7499976
40,1928685871,1965617094,3465594057.6976643
41,1965617095,2153217589,3313966712.5350337
