1,1,817071,27774452.25711319
2,817072,8490643,350008507.80933845
3,8490644,19656334,1484376670.7266188
4,19656335,23341521,1928386688.653785
5,23341522,27376728,2295893667.5842133
6,27376729,39264926,2687654205.5050583
7,39264927,63344051,3108771191.9282417
8,63344052,100982698,3439378921.2698016
9,100982699,141664431,3343797758.9848013
10,141664432,277848695,3057522171.8212986
11,277848696,312534478,3279973003.805233
12,312534479,413488490,3150755134.821178
13,413488491,428012448,3483621988.840243
14,428012449,453579450,3808299687.6670194
15,453579451,519594918,3650279594.802079
16,519594919,560891259,3782286999.452884
17,560891260,676545649,3568996265.585583
18,676545650,700811619,3927330170.655429
19,700811620,775345735,3653823745.379976
20,775345736,860780141,3505815058.7453446
21,860780142,947900336,3668670579.46418
22,947900337,968545907,3713250508.821216
23,968545908,1022006240,3488439564.0121493
24,1022006241,1105893461,3518947777.7348638
25,1105893462,1142444387,3844424219.574821
26,1142444388,1165909713,3690941369.3708863
27,1165909714,1205838495,3816329905.7702537
28,1205838496,1283988135,3564818456.318036
29,1283988136,1414162442,3672264655.728584
30,1414162443,1441600925,3536615633.753104
31,1441600926,1480945437,3723287864.705736
32,1480945438,1558478469,3598230409.139651
33,1558478470,1604241634,3436283029.598097
34,1604241635,1732400804,3435923123.1692576
35,1732400805,1751253117,3521281266.261692
36,1751253118,1795495167,3302016390.354322
37,1795495168,1812364745,3660025459.304287
38,1812364746,1927658168,3813087047.4559126
39,1927658169,1967096930,3359760550.7662816
40,1967096931,2152511517,3555321721.8889594
41,2152511518,2154798796,3127256211.3156786
