1,1,25554488,2172310668.1512823
2,25554489,29583059,2552533107.3961916
3,29583060,34033136,3028245331.090701
4,34033137,77859582,4311633382.754814
5,77859583,85982583,5103508457.257259
6,85982584,90423485,5420937353.377185
7,90423486,103603117,5634259984.949343
8,103603118,170078739,6195182842.600398
9,170078740,201336775,5037379710.09013
10,201336776,207772660,4616804671.412086
11,207772661,259482364,4320223610.330861
12,259482365,327042611,4139362421.435364
13,327042612,383944289,3901532206.4074774
14,383944290,387077356,1291934219.966002
15,387077357,387359791,878178529.033239
16,387359792,387639142,538904642.3690017
17,387639143,450770740,226558359.235225
18,450770741,502779704,330813588.10266423
19,502779705,510186292,710773663.8464292
20,510186293,516252326,1298672828.0480638
21,516252327,527267877,1800711205.0566928
22,527267878,1265219595,2759069985.8000455
23,1265219596,1265645774,2614556709.747271
24,1265645775,1266742892,1938335801.9846938
25,1266742893,1267339516,1397306536.4920857
26,1267339517,1268247759,830378011.5704762
27,1268247760,1318181735,354740813.8522113
28,1318181736,1327670351,729969611.1278588
29,1327670352,1340503541,1736161793.5664773
30,1340503542,1350673891,2726686653.474641
31,1350673892,1358056251,3430638647.260505
32,1358056252,1365523140,4014153893.5720754
33,1365523141,1372854229,4697451579.550919
34,1372854230,2008598026,4983187514.369708
35,2008598027,2009033905,5077778328.467937
36,2009033906,2009473960,4466077310.8752365
37,2009473961,2010092078,3548568372.037553
38,2010092079,2010808196,2620979111.810943
39,2010808197,2011588265,1413645334.7645984
40,2011588266,2012100231,641009946.8192323
41,2012100232,2059187830,239891455.25361845
