1,1,2061134,27758636.82547229
2,2061135,6541791,302710086.5046353
3,6541792,21505605,1560753138.2387965
4,21505606,25110669,2104633421.751594
5,25110670,28423695,2464302278.626605
6,28423696,50141872,2609291946.1347804
7,50141873,64290451,3027945068.2893267
8,64290452,112145353,3188655919.64317
9,112145354,141805512,3058745230.216283
10,141805513,275994848,2721470509.950364
11,275994849,412280385,3194496696.204672
12,412280386,422143024,3591401875.1671257
13,422143025,452582559,3865515135.2459
14,452582560,519681830,3656963611.672112
15,519681831,673632513,3776632136.111234
16,673632514,704002553,3986940254.768457
17,704002554,736110175,3514028132.2033205
18,736110176,774564828,3692003882.4236574
19,774564829,855594671,3547939144.7070417
20,855594672,946604449,3815848584.958647
21,946604450,967911328,3763859160.047327
22,967911329,1009759279,3599319463.5818105
23,1009759280,1101735230,3664469368.205991
24,1101735231,1139261954,3895653436.870217
25,1139261955,1166593928,3739944151.79434
26,1166593929,1206464514,3869498856.862948
27,1206464515,1286378365,3576928877.746714
28,1286378366,1381167955,3683877897.08374
29,1381167956,1546459534,3619770533.786078
30,1546459535,1600838968,3531789131.536937
31,1600838969,1732317618,3658877502.095495
32,1732317619,1749620479,3551129123.8947506
33,1749620480,1794416105,3346974696.017711
34,1794416106,1819575498,3750059811.320817
35,1819575499,1927904112,3865497974.360295
36,1927904113,1965675693,3482977986.9323106
37,1965675694,2152843281,3520274580.93629
38,2152843282,2153908652,2813891818.218628
39,2153908653,2154349323,2258376155.81251
40,2154349324,2154663880,1939466840.602809
41,2154663881,2154935541,1437229495.5010664
