1,1,27551846,2302132384.0834336
2,27551847,33639957,2747960144.60366
3,33639958,46749648,3453120055.072261
4,46749649,60696307,5401379689.174043
5,60696308,77374630,4524237931.176776
6,77374631,85618906,4872307702.393646
7,85618907,106007894,5481490260.380249
8,106007895,175896314,5911194441.452498
9,175896315,188732957,5679310008.888196
10,188732958,206120723,4731807180.633177
11,206120724,277673680,4225752269.4147344
12,277673681,387325982,3719111612.80551
13,387325983,393978416,2719263958.411736
14,393978417,397314762,2140938945.24498
15,397314763,399755177,1730550061.0119574
16,399755178,447902234,1511144167.441574
17,447902235,462356905,1278571477.4047003
18,462356906,491129755,1522832962.4364724
19,491129756,505436060,1776397455.4986942
20,505436061,528623970,3416628741.6356645
21,528623971,539497926,4013015431.4537153
22,539497927,550447621,4729308958.373
23,550447622,845940119,5381216468.0912895
24,845940120,1265458335,5147861412.4116
25,1265458336,1270572932,4272203287.3623667
26,1270572933,1275620799,3409742917.006578
27,1275620800,1281190704,2278542256.786177
28,1281190705,1320042722,1858683154.6858127
29,1320042723,1339110227,2798473076.211602
30,1339110228,1350192860,3682401497.570709
31,1350192861,1360215984,4515288373.086152
32,1360215985,1370620496,5136593316.583722
33,1370620497,1705832226,5938287949.370688
34,1705832227,2008448884,5137124318.339126
35,2008448885,2010845658,5446634585.708827
36,2010845659,2017575847,4003614349.9522862
37,2017575848,2022418941,3422398130.8658085
38,2022418942,2025879836,2736412194.090965
39,2025879837,2028378311,2157731434.8907557
40,2028378312,2057498062,1760099286.7098079
41,2057498063,2057530495,1245587544.6754208
