1,1,1738925,27749061.64357337
2,1738926,8569605,349264358.03403
3,8569606,18438633,1276589158.5559342
4,18438634,23667482,1876395567.32965
5,23667483,27303123,2317535836.2330847
6,27303124,39074369,2704668951.0451946
7,39074370,62101012,3151811619.4334016
8,62101013,102082223,3535802224.7012267
9,102082224,140234634,3387454943.7097883
10,140234635,176520571,3127519890.505967
11,176520572,205096075,3280309232.7318444
12,205096076,276472926,3144135462.1219525
13,276472927,415305980,3240416886.74515
14,415305981,429866686,3581447342.0547934
15,429866687,454285301,3967428473.987281
16,454285302,499603574,3715679633.27589
17,499603575,674984809,3779153625.740409
18,674984810,714685412,3947466103.448095
19,714685413,736711383,3715148967.185083
20,736711384,775260502,3901388454.821528
21,775260503,854798536,3622167259.111534
22,854798537,922551425,3686364737.2245226
23,922551426,946133632,3973883930.236712
24,946133633,1100872564,3624002338.173241
25,1100872565,1142169175,3891439863.221334
26,1142169176,1166225516,3773462617.072879
27,1166225517,1205183627,3943387743.7482886
28,1205183628,1336558823,3683891862.666432
29,1336558824,1381597411,3873956260.70997
30,1381597412,1545775430,3618380550.17885
31,1545775431,1603336756,3481478613.981359
32,1603336757,1684462602,3507556710.727941
33,1684462603,1737445633,3227287812.056487
34,1737445634,1792052026,2957008650.622513
35,1792052027,1805570262,3708855994.9361663
36,1805570263,1879413686,3455909605.718636
37,1879413687,1921238606,3518833023.3084483
38,1921238607,1930244255,3850211888.6499214
39,1930244256,1965435906,3149413006.578692
40,1965435907,2152559677,3539816821.922368
41,2152559678,2154874906,3241142293.3599896
