1,1,26841883,2305166577.7695694
2,26841884,31113664,2734248179.18027
3,31113665,37380708,3121961043.8981614
4,37380709,61663026,5533297247.985645
5,61663027,81030975,4401863520.697067
6,81030976,83447870,5027503229.168806
7,83447871,89138874,5366086562.20281
8,89138875,141543843,5848301049.51847
9,141543844,172364149,6647671358.841548
10,172364150,196460792,5067072914.370247
11,196460793,208731423,4447146185.608363
12,208731424,262517171,4322362058.159198
13,262517172,324386181,4064005757.9983063
14,324386182,386359963,3887135354.273777
15,386359964,396245627,2750395512.4101553
16,396245628,401706130,2056327680.524896
17,401706131,447894842,1717143408.6888962
18,447894843,491825028,1229860061.3145683
19,491825029,501271950,1626651185.5443604
20,501271951,509727894,2053398599.768569
21,509727895,519191148,2616784627.3670244
22,519191149,540124166,3848495125.5448494
23,540124167,1264441878,4967786035.1684675
24,1264441879,1267778426,4745912715.935756
25,1267778427,1270665484,4232556863.269043
26,1270665485,1274303785,3638963602.124605
27,1274303786,1281968430,2235250896.172083
28,1281968431,1321328682,1849356953.5643094
29,1321328683,1333756490,2604267449.6748247
30,1333756491,1348680175,3656936561.9316473
31,1348680176,1356151731,4251910367.896534
32,1356151732,1363149150,4807352850.015085
33,1363149151,1371745547,5301069677.479686
34,1371745548,1492037843,5955983336.614898
35,1492037844,2008104057,5706950963.883938
36,2008104058,2012571177,4846591831.825634
37,2012571178,2014852806,4406369776.487056
38,2014852807,2019484234,3612664204.459246
39,2019484235,2025296609,2343130007.1445146
40,2025296610,2057530847,1825882675.185429
41,2057530848,2057558844,1380561804.9144638
