1,1,2409073,27776680.16987809
2,2409074,7885321,353342973.809863
3,7885322,21719907,1616487228.051196
4,21719908,25126410,2151136202.429938
5,25126411,28125417,2463560498.531748
6,28125418,38199058,2758527619.704266
7,38199059,61932824,3172865476.101992
8,61932825,111732293,3476477991.5043797
9,111732294,141654750,3377058673.772132
10,141654751,278148625,3088629785.4292145
11,278148626,302556314,3390732184.5979896
12,302556315,412671657,3181741347.09054
13,412671658,421054931,3505267216.852571
14,421054932,450928213,3858193635.667337
15,450928214,520626360,3640236584.127512
16,520626361,561881946,3902154741.409726
17,561881947,675766111,3755365797.776822
18,675766112,713595528,4002772532.005824
19,713595529,807737226,3683420695.947225
20,807737227,846909788,3546806509.430537
21,846909789,921938922,3792926035.403753
22,921938923,939843687,3987302079.664657
23,939843688,968544707,3767021699.436343
24,968544708,1008103052,3599708662.499428
25,1008103053,1105919630,3663879544.095672
26,1105919631,1135660058,3947547929.943713
27,1135660059,1166579760,3799090090.351493
28,1166579761,1204702334,3937469904.021791
29,1204702335,1249632182,3711612069.013977
30,1249632183,1283805633,3608746742.8461337
31,1283805634,1381328922,3724017697.501575
32,1381328923,1551747386,3633806379.371981
33,1551747387,1599671879,3542025764.156589
34,1599671880,1728769471,3754720425.343392
35,1728769472,1749740818,3544798322.816474
36,1749740819,1794841960,3329902833.828884
37,1794841961,1819686687,3762038499.0447626
38,1819686688,1929380972,3884858259.918789
39,1929380973,1967070938,3482020558.622412
40,1967070939,2152596914,3590517843.138244
41,2152596915,2154934705,3271040260.860785
