1,1,27309156,2302857521.5161743
2,27309157,32800454,2743052081.666485
3,32800455,43424233,3374533307.6575108
4,43424234,60900044,5498115480.754133
5,60900045,80487377,4526969240.542636
6,80487378,87154573,5079915952.399542
7,87154574,97463853,5509239616.176768
8,97463854,176021570,6219404611.003265
9,176021571,189236359,5735478254.1581745
10,189236360,207698686,4747558576.539695
11,207698687,278374174,4265360947.920595
12,278374175,386945118,3690866007.6248946
13,386945119,390426425,2767773306.7866116
14,390426426,393870510,1902693889.463978
15,393870511,396062847,1360817171.7792335
16,396062848,461043649,904373954.5904583
17,461043650,502134769,1439806328.5684965
18,502134770,510460144,1946956709.851897
19,510460145,524370292,2491237067.9859242
20,524370293,539353820,3672157876.0226045
21,539353821,551779423,4966810295.502281
22,551779424,833145213,5384079899.773013
23,833145214,1264194191,4701020306.161113
24,1264194192,1268574503,4438989962.389758
25,1268574504,1270987613,3789846447.4147296
26,1270987614,1273370765,3287990749.1725435
27,1273370766,1277049899,2442657756.7464657
28,1277049900,1318241485,1551495907.8034475
29,1318241486,1326438484,1946933937.9634006
30,1326438485,1334559814,2546023808.975412
31,1334559815,1342684092,3149541372.1597085
32,1342684093,1353171875,3724047149.967456
33,1353171876,1371579669,4972812402.345872
34,1371579670,1691708676,5327094524.128348
35,1691708677,2008744833,5712122436.578867
36,2008744834,2010921522,5014097164.558554
37,2010921523,2013269625,4529467067.17212
38,2013269626,2017273707,3418793672.532717
39,2017273708,2021552779,2265577581.9050813
40,2021552780,2057607280,1482441605.8023732
41,2057607281,2057613625,1082209205.9060488
