1,1,27758292,2307987941.3854737
2,27758293,33031043,2814487296.8206015
3,33031044,43029409,3379917576.1674976
4,43029410,59382349,5630769977.968354
5,59382350,81747505,3995161351.3156195
6,81747506,88174104,5215624741.564645
7,88174105,133403255,5731260001.1225195
8,133403256,175770638,6538328407.647176
9,175770639,198177620,5235594350.083087
10,198177621,208889255,3160836948.988001
11,208889256,276050922,3749436992.0882673
12,276050923,386707977,3669170768.9107685
13,386707978,389916734,2921304221.2139616
14,389916735,392810420,2037544592.7602012
15,392810421,395946025,1373308405.3542445
16,395946026,460740778,890983338.8340435
17,460740779,502253705,1361255401.1323829
18,502253706,511073535,1991201014.8658173
19,511073536,525268950,2584907675.7067404
20,525268951,540095480,3760347294.1446404
21,540095481,551514085,5007992862.31668
22,551514086,803063935,5535742732.860971
23,803063936,1002944238,5528381872.577586
24,1002944239,1265924027,5095911289.129189
25,1265924028,1269375494,4208377781.4727306
26,1269375495,1273715288,3262978967.9154506
27,1273715289,1276251656,2643148567.2362113
28,1276251657,1279189400,2016029945.7731018
29,1279189401,1318109976,1570930505.5518818
30,1318109977,1331905607,2254299194.9456115
31,1331905608,1347393256,3421467750.4172535
32,1347393257,1356040250,4163802433.8729196
33,1356040251,1363370986,4787617713.541649
34,1363370987,1372610997,5295518477.88324
35,1372610998,1734309672,5155488888.387047
36,1734309673,2008104104,5223587945.907679
37,2008104105,2010204250,5716246545.316173
38,2010204251,2013624613,4561362364.924089
39,2013624614,2018451402,3297758233.110959
40,2018451403,2022585719,2047078508.3131475
41,2022585720,2057581979,1105639373.498833
