1,1,27229714,2294194495.187389
2,27229715,31827443,2744469881.805696
3,31827444,39722793,3274485231.6218915
4,39722794,60735996,5171460327.274922
5,60735997,81912227,4366532446.663904
6,81912228,87605313,5179935930.86932
7,87605314,95702442,5220196015.896295
8,95702443,128019256,6232869634.406645
9,128019257,173053511,6605200447.859075
10,173053512,194731415,5260733566.736815
11,194731416,208746466,4634987359.856649
12,208746467,278043720,4310840261.625659
13,278043721,387231546,3776397511.8526645
14,387231547,396241735,2967227637.693205
15,396241736,402629412,2277078366.84679
16,402629413,447897996,1904942128.895116
17,447897997,489560926,1338533026.8101144
18,489560927,505165137,1542004164.8127117
19,505165138,519265648,2461708796.973184
20,519265649,532045778,3404027224.512059
21,532045779,540597323,4113753455.0314717
22,540597324,548837797,4639063824.794563
23,548837798,767686943,4600569127.050984
24,767686944,1266204717,4730259533.503
25,1266204718,1274292888,3583468748.2862277
26,1274292889,1279362060,2616879814.2563324
27,1279362061,1282434557,2084713892.8187983
28,1282434558,1319025714,1817499614.1574302
29,1319025715,1328303739,2315963373.406173
30,1328303740,1334800225,2833238936.125645
31,1334800226,1346795337,3361637359.3321447
32,1346795338,1370069895,4699494652.178686
33,1370069896,1638481373,5743634192.994174
34,1638481374,2008317504,5697038315.441647
35,2008317505,2012122545,4977585001.142929
36,2012122546,2015745952,4146608736.4446025
37,2015745953,2019286350,3347793620.5698476
38,2019286351,2022507300,2766607728.7017837
39,2022507301,2025327503,2033891355.5520337
40,2025327504,2057350501,1843851935.4640834
41,2057350502,2057555541,1261560783.8319542
