1,1,26887999,2268109407.874963
2,26888000,30688618,2720165368.8649354
3,30688619,40286659,3056653851.613396
4,40286660,84257953,3590456824.9981136
5,84257954,90266511,5283793589.333688
6,90266512,112441580,5770987760.004064
7,112441581,168133059,6602585826.289529
8,168133060,190218164,5594773120.963549
9,190218165,208552117,4644499421.78511
10,208552118,275599135,3835020882.496695
11,275599136,317827602,3692566298.196212
12,317827603,387323517,3541123793.886901
13,387323518,394061876,2509455484.4291954
14,394061877,396576977,1983229605.1792495
15,396576978,398731387,1593796619.9158545
16,398731388,448089211,1288567980.6323133
17,448089212,462813501,1135542475.318513
18,462813502,503459054,1532965934.9186509
19,503459055,520303954,2537281135.9505167
20,520303955,527902543,3455329200.6844034
21,527902544,543673378,3923301601.2088246
22,543673379,809386081,4993710903.137526
23,809386082,1009728889,5493511535.108898
24,1009728890,1264403160,5327591164.234274
25,1264403161,1267177447,4961628283.4515
26,1267177448,1272957075,3919710510.9341726
27,1272957076,1281939591,2457808589.325767
28,1281939592,1313222074,1948308451.0644708
29,1313222075,1336579550,2574443392.3392477
30,1336579551,1349521700,3643521057.5044813
31,1349521701,1357521351,4454571774.1971445
32,1357521352,1365457334,5041401079.024857
33,1365457335,1775700144,6230154176.455316
34,1775700145,2007487131,5796276963.122754
35,2007487132,2010464800,5832426134.403143
36,2010464801,2013002609,5392023535.537957
37,2013002610,2019746571,3953050162.4542265
38,2019746572,2024344717,2876773550.1388326
39,2024344718,2027433829,2154239270.6895647
40,2027433830,2056609833,1920075915.2361872
41,2056609834,2057777673,1353613772.2113128
