1,1,26868646,1937533889.0223672
2,26868647,33093950,2705626830.7424645
3,33093951,40378412,3292093326.7695346
4,40378413,60896426,5308612257.019001
5,60896427,81384455,4273675884.04072
6,81384456,89539027,4973104711.015228
7,89539028,96894214,5584064413.144584
8,96894215,139880360,5774605308.317408
9,139880361,174908022,6351127110.70125
10,174908023,198482220,5226601906.412254
11,198482221,209738916,4057246316.373658
12,209738917,283233634,4244328365.6653333
13,283233635,387488874,3814227925.722868
14,387488875,395304520,2668878354.1672897
15,395304521,400803078,1893525050.7355838
16,400803079,447922123,1558476338.769211
17,447922124,463374068,1340359404.3797872
18,463374069,500975781,1579839008.858513
19,500975782,513753216,2267988765.1034994
20,513753217,526749520,3006102749.084416
21,526749521,546911710,4440786323.634879
22,546911711,817507912,5285079469.636081
23,817507913,1010971148,5436048399.326674
24,1010971149,1266356377,4973437321.204796
25,1266356378,1272641228,3897210244.9814377
26,1272641229,1277468201,3055397239.7726355
27,1277468202,1281484087,2339098463.0731606
28,1281484088,1319857310,1871268484.5125477
29,1319857311,1329253450,2368162439.383153
30,1329253451,1337304645,3012462145.4000673
31,1337304646,1349025328,3701778632.3640623
32,1349025329,1362765404,4767621034.98012
33,1362765405,1374232449,5538142313.604335
34,1374232450,1759506412,6062982603.133566
35,1759506413,2008729036,5766715434.472163
36,2008729037,2014662985,5130669290.685919
37,2014662986,2019590167,4382086779.885235
38,2019590168,2022341419,3834819822.6038218
39,2022341420,2027913115,2967843447.4187117
40,2027913116,2057495125,1806807557.441871
41,2057495126,2057501077,1291806822.3218873
