1,1,25794416,2307555582.125432
2,25794417,30736238,2648973372.870712
3,30736239,35858745,3072238517.111875
4,35858746,47442432,3754982639.722995
5,47442433,62607894,5202873192.953768
6,62607895,82870806,4473751002.176601
7,82870807,91663965,5137396400.033172
8,91663966,125981753,5496849757.176416
9,125981754,171127853,6542593660.931701
10,171127854,189355667,5758728305.857262
11,189355668,205943120,4799173810.510369
12,205943121,274408675,4296713638.553418
13,274408676,319978551,4118829499.146146
14,319978552,385596745,3956708302.530157
15,385596746,391317475,2660958587.7998095
16,391317476,395999124,1778064477.795433
17,395999125,397540555,1397255450.787689
18,397540556,462179875,1041523301.164938
19,462179876,502128372,1415939823.9825485
20,502128373,512920960,2244077717.2107434
21,512920961,528130084,3152977613.2865005
22,528130085,538109783,3921887149.520608
23,538109784,547535182,4454379292.73641
24,547535183,1264471807,4527091360.573555
25,1264471808,1272419386,3600552837.017763
26,1272419387,1276836245,2946605829.6462965
27,1276836246,1279168074,2400598154.7284484
28,1279168075,1281147994,2049121965.0720704
29,1281147995,1317290456,1768983528.0365648
30,1317290457,1323669678,2054752650.787612
31,1323669679,1330291808,2530863545.0642285
32,1330291809,1344735726,3018144207.601817
33,1344735727,1359827655,4039981514.6116877
34,1359827656,1499305647,5240436725.983895
35,1499305648,2008180031,5118752887.1837
36,2008180032,2014496446,4324955480.676639
37,2014496447,2019583090,3215609567.404036
38,2019583091,2021771702,2683929675.520972
39,2021771703,2024381828,2147616619.662121
40,2024381829,2057583614,1728836276.530887
41,2057583615,2057641130,1236003906.9476168
