1,1,27112112,1946659820.3881607
2,27112113,34411124,2714501715.7177124
3,34411125,45754032,3612755636.365509
4,45754033,58767164,5054977662.768355
5,58767165,82129368,3994434099.683455
6,82129369,86350468,5148913036.013682
7,86350469,94388644,5450704360.587788
8,94388645,127185948,5698396018.752675
9,127185949,175825973,6561155377.97519
10,175825974,192471769,5594415941.960755
11,192471770,207579834,4712838984.321608
12,207579835,281323830,4279021201.1680417
13,281323831,385740892,3580822339.851955
14,385740893,386667505,2568849017.8427787
15,386667506,387773583,1622276328.9681375
16,387773584,389022216,790349722.1262267
17,389022217,453072155,360842350.19718176
18,453072156,504676212,513098756.8061351
19,504676213,516611129,1420852097.4063904
20,516611130,524821594,2486247663.1791677
21,524821595,534380337,3000945154.3933206
22,534380338,543512965,3739882660.110855
23,543512966,1265229644,4312595634.028555
24,1265229645,1266960610,3203894700.691864
25,1266960611,1267889956,2486440768.9195933
26,1267889957,1268667911,1880713189.4698532
27,1268667912,1269513104,1324329780.3062055
28,1269513105,1318353726,547046758.1957676
29,1318353727,1326362110,931503501.6283041
30,1326362111,1332889408,1708215728.9059496
31,1332889409,1343324098,2322240336.572253
32,1343324099,1359470280,3546192768.843882
33,1359470281,1372415463,4659743838.573441
34,1372415464,1658730269,5827232753.957195
35,1658730270,2008175217,5649292854.091
36,2008175218,2008859990,5060763085.842848
37,2008859991,2009908717,4145211595.644082
38,2009908718,2011567649,2819013467.7662106
39,2011567650,2012450197,1749001739.3539643
40,2012450198,2013433143,944976696.126864
41,2013433144,2058372083,367688013.7910231
