1,1,26708724,2281449675.6754513
2,26708725,34656935,2724097994.302132
3,34656936,45607196,3558092166.605072
4,45607197,61737671,5195087476.029265
5,61737672,80442011,4470894320.828825
6,80442012,87082786,5049475469.775456
7,87082787,90968699,5405015861.93109
8,90968700,140162956,5526977752.77202
9,140162957,174364130,6598519580.207924
10,174364131,198025613,5177897797.103427
11,198025614,208777476,4544030940.68224
12,208777477,277497025,4298215460.130334
13,277497026,389248589,3639831540.3641524
14,389248590,397689894,2807500194.1197424
15,397689895,403293391,2247119691.42114
16,403293392,448546891,1791549589.9955404
17,448546892,463974469,1234489095.5856643
18,463974470,493071759,1374434161.1774907
19,493071760,507986102,1829473214.8224866
20,507986103,525272562,2934888680.535993
21,525272563,540917538,3970213772.045661
22,540917539,551924741,4823490119.830609
23,551924742,815948917,4766491853.415325
24,815948918,1007350219,5367158579.220622
25,1007350220,1265342129,5217441166.696478
26,1265342130,1270440830,4341449872.246102
27,1270440831,1274413953,3664085254.945521
28,1274413954,1279347598,2849969033.2401547
29,1279347599,1318360652,1904013390.5983295
30,1318360653,1331205005,2258783979.1502323
31,1331205006,1350589749,3415160585.6172733
32,1350589750,1364629655,4772890725.696799
33,1364629656,1375319249,5580384279.088793
34,1375319250,1824053789,6206216134.569218
35,1824053790,2009832804,5951589796.30812
36,2009832805,2015224986,5393295431.505006
37,2015224987,2018296687,5008432236.95428
38,2018296688,2024111437,3959986731.269556
39,2024111438,2031891495,2731266126.9899116
40,2031891496,2057407389,1950289222.4224176
41,2057407390,2057473518,1319635204.4245026
