1,1,281200,27731974.024562515
2,281201,8325766,421124899.6036749
3,8325767,21703075,1642538858.032545
4,21703076,24939505,2184297382.9394603
5,24939506,28128503,2460853670.6293483
6,28128504,49133053,2828378443.476069
7,49133054,63802259,3283756119.296391
8,63802260,101565630,3527396978.921837
9,101565631,141921692,3387534828.424263
10,141921693,275686027,3138243560.9892106
11,275686028,310374922,3338436866.655816
12,310374923,419606981,3125117140.141399
13,419606982,452309549,3783624198.650434
14,452309550,519638342,3668971682.442166
15,519638343,676160689,3795197455.560596
16,676160690,702538102,4053914213.909615
17,702538103,737129950,3689764696.5614815
18,737129951,775253582,3861072631.951847
19,775253583,853219900,3566894195.122365
20,853219901,921995974,3818693750.437964
21,921995975,940547882,3876897036.437844
22,940547883,972252145,3738894460.189092
23,972252146,1008606856,3523655641.5810013
24,1008606857,1105446649,3330940147.249553
25,1105446650,1130987940,3973237215.103582
26,1130987941,1164927273,3268721162.896234
27,1164927274,1205092263,3497981402.7335706
28,1205092264,1350020502,3122286959.5564747
29,1350020503,1363337284,3954839025.3593993
30,1363337285,1551453954,3395005778.9222937
31,1551453955,1602487292,3546725037.171944
32,1602487293,1681483363,3837462843.974722
33,1681483364,1732529093,3757109161.9982057
34,1732529094,1790874190,2963205052.131479
35,1790874191,1810699189,3455728361.039053
36,1810699190,1927788957,3472570254.539975
37,1927788958,1965298480,3065639053.7180266
38,1965298481,2060107582,3735746789.361918
39,2060107583,2074051856,3614426673.386389
40,2074051857,2152505704,3681390528.218987
41,2152505705,2154723565,3347495111.37292
