1,1,2199527,27752253.238348488
2,2199528,7421865,349297843.2090257
3,7421866,19146245,1420204146.8947656
4,19146246,23427800,1885716878.02536
5,23427801,27528125,2324916307.677481
6,27528126,36407569,2675232790.2483063
7,36407570,62225015,3082155181.234354
8,62225016,105561592,3510383792.918255
9,105561593,141141219,3346479108.214122
10,141141220,277832099,3098150541.790989
11,277832100,312510970,3368167939.096678
12,312510971,412819460,3183775089.48394
13,412819461,430936414,3611804249.631676
14,430936415,453231508,3894771672.301625
15,453231509,519649674,3691275721.316252
16,519649675,676630048,3765837174.663354
17,676630049,710379040,4047339479.580445
18,710379041,798933682,3655271074.388319
19,798933683,854045348,3531955677.7392488
20,854045349,921404840,3801229835.103463
21,921404841,945996605,3951969178.729567
22,945996606,968545160,3746435633.7481294
23,968545161,1007639575,3573475464.456558
24,1007639576,1102022982,3656584615.2724414
25,1102022983,1142258999,3880665446.091809
26,1142259000,1165102341,3784601753.582889
27,1165102342,1204201650,3925502217.895329
28,1204201651,1257892257,3705017674.2592254
29,1257892258,1282229581,3588870106.894649
30,1282229582,1352587330,3693576925.536678
31,1352587331,1364776378,3973159029.5211887
32,1364776379,1547585644,3633100001.8517385
33,1547585645,1600130813,3503670322.910765
34,1600130814,1732400648,3779010025.334346
35,1732400649,1749013707,3551190498.570696
36,1749013708,1793471727,3365721424.94985
37,1793471728,1818680862,3772905177.4181848
38,1818680863,1927862238,3911271369.168232
39,1927862239,1965628294,3506561257.5938163
40,1965628295,2152235765,3660091353.721054
41,2152235766,2153385604,3367215830.2986274
