1,1,26102421,2295515131.364184
2,26102422,29612376,2629570522.9889655
3,29612377,58569041,2969879807.8902216
4,58569042,80064349,4250778273.925604
5,80064350,84170201,5008156193.953704
6,84170202,88646700,5295995792.445596
7,88646701,100369807,5491236154.193949
8,100369808,171419039,6573678145.029201
9,171419040,199843289,5102531305.693718
10,199843290,208395062,4310133241.940538
11,208395063,261007816,4296508303.493666
12,261007817,320562409,4156205943.715189
13,320562410,385736803,3983081010.5879884
14,385736804,399539440,2517906304.8561363
15,399539441,402781711,2150165282.366769
16,402781712,445870354,1926628793.2405024
17,445870355,460157190,1393985957.3228111
18,460157191,496293226,1655219484.363439
19,496293227,531978933,3153090153.537424
20,531978934,541802638,4209325067.8447957
21,541802639,551951614,4858483049.581286
22,551951615,817076411,5680316195.685159
23,817076412,962857000,4578893753.693634
24,962857001,1265895857,4543295913.884905
25,1265895858,1271404152,4303782910.160017
26,1271404153,1275516421,3769987118.88865
27,1275516422,1279422952,3203215041.1724963
28,1279422953,1319452990,1859404053.1451132
29,1319452991,1328011809,2367118267.571046
30,1328011810,1337528843,3013741535.515692
31,1337528844,1356246356,4278558868.018829
32,1356246357,1365901313,5074602501.22356
33,1365901314,1375882728,5834466373.912359
34,1375882729,1738599180,6360332016.070431
35,1738599181,2009759860,6072175982.007556
36,2009759861,2018651289,4981474530.486276
37,2018651290,2024899414,4225148002.4056835
38,2024899415,2029239995,3759354014.5493016
39,2029239996,2032598046,3038378503.286541
40,2032598047,2056040429,2106586033.0889795
41,2056040430,2057470602,1345157545.4004939
