1,1,2713916,27744588.241829712
2,2713917,7265332,484435948.95658815
3,7265333,19808672,1561516979.854608
4,19808673,23886141,1939739904.672534
5,23886142,27559017,2336640251.5358667
6,27559018,49150553,2715842680.0839486
7,49150554,62923941,3178619083.3024907
8,62923942,101565247,3521575003.7490997
9,101565248,141461970,3373096011.784328
10,141461971,176049171,3107590063.123272
11,176049172,205266813,3300295665.65846
12,205266814,277595609,3103955196.3063607
13,277595610,312544369,3368606261.068217
14,312544370,410233853,3151493626.882169
15,410233854,418840137,3503706710.1139297
16,418840138,451526357,3872660253.902888
17,451526358,520131294,3660283313.56953
18,520131295,561561630,3921988513.006302
19,561561631,659920282,3777418587.105084
20,659920283,701720300,4021118697.603255
21,701720301,802607720,3685496945.172922
22,802607721,854092036,3525253936.5911417
23,854092037,949228059,3824181215.18489
24,949228060,976493558,3648412026.3954606
25,976493559,1009385774,3585405784.219072
26,1009385775,1103539979,3680925875.455916
27,1103539980,1134440209,3934079778.84922
28,1134440210,1166865425,3778455103.7016993
29,1166865426,1205077812,3869622493.2128754
30,1205077813,1287936350,3628925153.10326
31,1287936351,1381060200,3717083772.8766894
32,1381060201,1550431920,3604868940.977613
33,1550431921,1600891472,3551358752.0005736
34,1600891473,1727575015,3773582697.4945455
35,1727575016,1749501700,3461671052.617314
36,1749501701,1794421215,3342621472.627463
37,1794421216,1819687583,3799114266.410196
38,1819687584,1927612391,3915345977.971156
39,1927612392,1966938173,3435520004.3248806
40,1966938174,2152402298,3639450864.05839
41,2152402299,2154223562,3312670827.154134
