1,1,25779111,2030404071.9511116
2,25779112,31947279,2648480248.0741796
3,31947280,41297803,3197342929.2189546
4,41297804,84525217,4288690140.490963
5,84525218,92956883,5373424557.3635435
6,92956884,121936459,5680955714.997897
7,121936460,173385951,6071018726.486235
8,173385952,187574280,5572794305.784931
9,187574281,207610480,4284317148.843966
10,207610481,276057825,3858877384.2563705
11,276057826,385928628,3484060738.1643686
12,385928629,387491429,2636365213.5460634
13,387491430,389734754,1272879141.065133
14,389734755,390499935,754225756.9045383
15,390499936,454921942,454506079.9068985
16,454921943,503777493,674359246.6413797
17,503777494,514371608,1370111830.8291924
18,514371609,521450546,2199832742.650218
19,521450547,529399088,2787995471.195679
20,529399089,537526074,3370558656.7527003
21,537526075,548403261,4121296149.2438383
22,548403262,1264529503,5105097693.1327
23,1264529504,1266042328,4548938144.316697
24,1266042329,1267887287,3417654756.8327427
25,1267887288,1269428282,2578688901.009415
26,1269428283,1270482202,1968374233.9527016
27,1270482203,1271688091,1315628473.6134293
28,1271688092,1314510102,742416359.9872426
29,1314510103,1328058540,1193104722.174819
30,1328058541,1341432525,2273783457.659856
31,1341432526,1351875359,3225246331.513935
32,1351875360,1359657984,3823792624.0461974
33,1359657985,1371280734,4755278188.278593
34,1371280735,1643301636,5698051638.830011
35,1643301637,2007844166,5835928637.763652
36,2007844167,2008952767,5173841363.934145
37,2008952768,2010408533,4455987093.783502
38,2010408534,2011992531,3442623804.014674
39,2011992532,2013625965,2303912686.5009885
40,2013625966,2014822301,1384437473.7384703
41,2014822302,2058037708,508791797.4868976
