1,1,27072340,2176913588.371245
2,27072341,33174846,2728815334.4941974
3,33174847,43399434,3332191175.558505
4,43399435,60494204,5239054939.74865
5,60494205,85776685,4361906106.111191
6,85776686,103481570,5105934272.606402
7,103481571,176215251,6013990764.450128
8,176215252,188469495,5762743902.7034235
9,188469496,206328772,4766274390.440089
10,206328773,287016834,4265469477.9255395
11,287016835,386298263,3628047059.5911818
12,386298264,388400801,2627085417.604311
13,388400802,390553744,1485935488.969117
14,390553745,391844631,769492300.5098968
15,391844632,456445410,565539930.857159
16,456445411,501087842,845904084.665599
17,501087843,509471560,1258414236.7408192
18,509471561,529863826,2425612330.735902
19,529863827,540810249,3671459315.289085
20,540810250,553116596,4622317748.59334
21,553116597,810161869,5469814351.024911
22,810161870,1047152628,5522405550.080672
23,1047152629,1262429589,5387729109.620956
24,1262429590,1266641276,4587978828.964151
25,1266641277,1268473290,3608360560.025017
26,1268473291,1270487835,2722140410.2115917
27,1270487836,1273410763,1714915009.4128165
28,1273410764,1316335354,949485801.7755958
29,1316335355,1334556189,1852730421.195308
30,1334556190,1345031727,2683755920.9516253
31,1345031728,1357285045,3865090407.0307813
32,1357285046,1365276083,4561428386.727434
33,1365276084,1381079001,5186285182.182809
34,1381079002,1697639356,5127809817.602523
35,1697639357,2008086518,5217941010.643292
36,2008086519,2009222003,5540083597.204907
37,2009222004,2010319460,4946646318.639601
38,2010319461,2012499439,3697791498.908819
39,2012499440,2015172057,2525554665.6156845
40,2015172058,2016738010,1642613499.6100028
41,2016738011,2057835740,652070643.1485007
