1,1,3067789,27756363.952942275
2,3067790,7601674,545081842.3560851
3,7601675,21700564,1516427864.9498065
4,21700565,25294593,2136525393.3045585
5,25294594,28317897,2466950613.704493
6,28317898,47252234,2771539453.744908
7,47252235,64570754,3121406660.9468203
8,64570755,105549142,3531266548.1219745
9,105549143,140720500,3392814096.111481
10,140720501,176567205,3118517520.5082884
11,176567206,205431206,3308354294.5299664
12,205431207,268282523,3105808031.551304
13,268282524,413335967,3243417377.9190426
14,413335968,426245364,3605598902.772346
15,426245365,452952897,3933116035.88953
16,452952898,492585943,3705743291.328045
17,492585944,671254111,3793291930.0974927
18,671254112,711111554,4039518459.8862576
19,711111555,735528989,3705538299.226709
20,735528990,776333349,3890323423.441814
21,776333350,847754988,3617285489.8931246
22,847754989,922698224,3833051644.230213
23,922698225,946610484,3997718420.761668
24,946610485,1039286493,3625685295.466804
25,1039286494,1067660338,3836190915.7332535
26,1067660339,1101475461,3692731075.648078
27,1101475462,1207246640,3862242533.437771
28,1207246641,1287245668,3678747006.798538
29,1287245669,1394023602,3729834886.919189
30,1394023603,1543875489,3656791904.881975
31,1543875490,1601623550,3593400024.6275086
32,1601623551,1729771696,3337087078.768396
33,1729771697,1738254735,3727859695.631299
34,1738254736,1793646688,2977323778.8754745
35,1793646689,1812118845,3431217156.5021834
36,1812118846,1879660218,3560378319.2869825
37,1879660219,1915657997,4149695470.662488
38,1915657998,1929195604,3572423256.3478456
39,1929195605,1967309425,2968202721.619389
40,1967309426,2152562229,3286190181.986178
41,2152562230,2154877769,3244264317.010843
