1,1,27032032,2317816266.601726
2,27032033,31522209,2739567750.9683013
3,31522210,37285683,3163839399.493
4,37285684,44078598,3972623591.2368402
5,44078599,86374821,3647614941.779205
6,86374822,93671583,5529132150.657339
7,93671584,127120146,5786619444.381557
8,127120147,174664121,6525729843.909759
9,174664122,196473573,5352684310.837267
10,196473574,208037035,4606212064.487068
11,208037036,264957203,4253807547.0911765
12,264957204,318412598,3995214937.192847
13,318412599,387694148,3760577111.4122896
14,387694149,394905044,3071263571.468401
15,394905045,403093506,2261336961.3211737
16,403093507,447910073,1801558980.690868
17,447910074,487456659,1254724464.427609
18,487456660,500765744,1534982009.9512703
19,500765745,508225614,2096509689.8247824
20,508225615,524460973,2908346053.2423935
21,524460974,531954942,3625536923.604644
22,531954943,538933995,4085136134.1714396
23,538933996,548169059,4677819297.94856
24,548169060,1265349441,4566261591.957749
25,1265349442,1270579351,4285007170.957318
26,1270579352,1276072881,3244256860.9464216
27,1276072882,1278713368,2717325336.485496
28,1278713369,1281341547,2260313931.0167594
29,1281341548,1316390233,1785596099.2694924
30,1316390234,1324076560,2125721276.5572522
31,1324076561,1332384980,2610464237.702646
32,1332384981,1345543355,3313128918.303847
33,1345543356,1358097185,4231777703.0761085
34,1358097186,1618146165,5535395908.309708
35,1618146166,2008997792,5574909383.7109585
36,2008997793,2014678616,4376029633.770217
37,2014678617,2019934959,3270612033.447038
38,2019934960,2022638725,2688791170.1679716
39,2022638726,2025236986,2198685379.16661
40,2025236987,2056999793,1849192990.1242795
41,2056999794,2057585017,1305988913.0874934
