1,1,1516800,27712596.87863593
2,1516801,6459616,628920225.006848
3,6459617,22228493,1436136234.159199
4,22228494,26252351,2168598685.3458085
5,26252352,36565616,2556154453.9940147
6,36565617,63668911,3155959269.6261544
7,63668912,111404483,3525558223.506616
8,111404484,140571678,3384584498.167594
9,140571679,173755862,3129565492.93289
10,173755863,207812727,3300998122.316775
11,207812728,268513707,3125312212.9147367
12,268513708,420886628,3084146549.107572
13,420886629,451137521,3376617432.262848
14,451137522,517976397,3705003605.9706426
15,517976398,676033155,3625852959.643181
16,676033156,713324513,3599735078.2290406
17,713324514,735430343,3690699352.44552
18,735430344,776053439,3796484204.6381073
19,776053440,847711739,3477154556.9190016
20,847711740,925100951,3375958509.807025
21,925100952,945461083,3814852050.294927
22,945461084,1106285805,3616540299.925827
23,1106285806,1135667459,4046673181.184325
24,1135667460,1206812822,3736781601.7276535
25,1206812823,1337362846,3576869891.8131585
26,1337362847,1378035395,3766424062.314593
27,1378035396,1551580103,3421726426.6391573
28,1551580104,1601108064,3504748112.7283363
29,1601108065,1734383281,3643561073.945414
30,1734383282,1792634911,3358321851.312653
31,1792634912,1810887089,3712644280.196365
32,1810887090,1920116590,3854266191.311528
33,1920116591,1929247565,3828117126.0823703
34,1929247566,1967776834,3469214567.641638
35,1967776835,2152562379,3564455987.8546505
36,2152562380,2153191129,3197176667.4308176
37,2153191130,2153521897,2890609837.7522635
38,2153521898,2153842057,2510161489.650449
39,2153842058,2154512097,1943925686.3240829
40,2154512098,2154702021,1078259484.0393534
41,2154702022,2154900713,283052422.0593101
