1,1,26062109,2293853870.5312304
2,26062110,29815171,2617868261.6480927
3,29815172,38671047,3039725240.9089622
4,38671048,63279195,4805845214.258023
5,63279196,80971297,4196907769.969719
6,80971298,87518307,5160609320.900657
7,87518308,97786811,5486581430.489129
8,97786812,172274260,5816098521.514315
9,172274261,194970842,5509754815.500446
10,194970843,207189928,4711003139.724228
11,207189929,283423111,3819400516.7170944
12,283423112,385825675,3561493105.8323216
13,385825676,397449060,2882696230.903547
14,397449061,403770036,2266573846.391034
15,403770037,449948392,1850818267.690599
16,449948393,464208536,1321988680.6803408
17,464208537,490241387,1650646667.925431
18,490241388,503633078,1802019280.9293694
19,503633079,527209750,3246029326.737905
20,527209751,544571848,4195053783.981792
21,544571849,552915490,4999412790.241944
22,552915491,821126494,5558615606.716364
23,821126495,1028217540,5214080360.60203
24,1028217541,1265607832,5168317107.104149
25,1265607833,1269177284,4528390822.778086
26,1269177285,1272752359,3883917076.7152905
27,1272752360,1277546563,3335726736.7878504
28,1277546564,1282133111,2313916288.4264846
29,1282133112,1319064477,1881821978.9087846
30,1319064478,1329464492,2341635495.658693
31,1329464493,1346842029,3178542161.9517736
32,1346842030,1371193157,4561659573.753949
33,1371193158,1805387477,6022893001.983459
34,1805387478,2008788015,6039508506.112913
35,2008788016,2017347566,5397162740.151213
36,2017347567,2026001362,4061310914.89231
37,2026001363,2029434416,3721460854.3158517
38,2029434417,2033507669,2933501503.166601
39,2033507670,2042090137,2345664096.9887652
40,2042090138,2056774754,2008115978.2236996
41,2056774755,2057469916,1514838829.4204755
