1,1,2615282,27741191.787084725
2,2615283,7808574,363063584.77732486
3,7808575,20557365,1576441931.6567314
4,20557366,23834223,2030111063.1348329
5,23834224,27376492,2329576269.71539
6,27376493,38658987,2684358901.103265
7,38658988,60556320,3150828261.494801
8,60556321,113170234,3481099613.5933294
9,113170235,140944428,3344274220.0662947
10,140944429,173984562,3127074196.257257
11,173984563,206136009,3290103130.43816
12,206136010,276872530,3107064756.67244
13,276872531,303523930,3370484958.84828
14,303523931,412389637,3196462576.4705105
15,412389638,430265086,3570310888.4298096
16,430265087,452307259,3938924030.2882137
17,452307260,519364471,3710787173.960722
18,519364472,674961395,3787309474.9327474
19,674961396,707847399,4008450311.6219873
20,707847400,735566602,3709349098.675394
21,735566603,775736099,3751116631.8318553
22,775736100,853265381,3589162062.978464
23,853265382,921881891,3834187542.322817
24,921881892,946314023,3965344214.77013
25,946314024,1102904237,3606458440.690879
26,1102904238,1141782740,3975701540.64502
27,1141782741,1164644879,3796866875.424664
28,1164644880,1206793583,3914036744.695228
29,1206793584,1337733349,3639354150.2800894
30,1337733350,1378101912,3892686733.167829
31,1378101913,1544670073,3641623693.83586
32,1544670074,1603512938,3573293732.726684
33,1603512939,1684517688,3884472791.822348
34,1684517689,1735188427,3778696797.506516
35,1735188428,1788618255,3391812116.822328
36,1788618256,1808984880,3688130711.405582
37,1808984881,1927814194,3495251895.838545
38,1927814195,1971902020,3028275312.250867
39,1971902021,2152568855,3218537590.9266715
40,2152568856,2154309590,3104864735.780401
41,2154309591,2154895230,2579136107.949267
