1,1,25826921,2171945371.511745
2,25826922,29727605,2585872931.776257
3,29727606,38370690,3032421205.544807
4,38370691,47952522,4174994336.0190372
5,47952523,60226341,5302653604.801251
6,60226342,79651604,4705472539.1181135
7,79651605,89539037,5609761846.908969
8,89539038,123486171,5903215959.460972
9,123486172,176014956,6501006337.363698
10,176014957,195870143,5433850840.015326
11,195870144,208932038,4444310947.548689
12,208932039,277946285,4285479879.2331524
13,277946286,320523387,4137316368.917456
14,320523388,385366817,3775256417.8646464
15,385366818,386207059,2400009817.183541
16,386207060,387073126,1219411909.3262773
17,387073127,387711496,461626223.07826716
18,387711497,451651154,235326328.7332553
19,451651155,503346938,326461338.5889807
20,503346939,510211028,757757370.1310388
21,510211029,519133162,1384972084.2355735
22,519133163,528053858,2049348279.1501644
23,528053859,1265415627,2931414032.355976
24,1265415628,1266276391,2297457062.50377
25,1266276392,1267077980,1550101354.577589
26,1267077981,1268153017,847781854.3593521
27,1268153018,1322229218,351260169.37221396
28,1322229219,1331039031,1121705090.409895
29,1331039032,1340488085,2036651093.924903
30,1340488086,1349308911,2846790227.760792
31,1349308912,1355414316,3377039572.6219397
32,1355414317,1364800545,3897438412.5747313
33,1364800546,1372289209,4702598491.106113
34,1372289210,1376307130,5364170054.436524
35,1376307131,2008628483,5673734613.155028
36,2008628484,2009124154,4924730006.646674
37,2009124155,2009736716,4118146442.450014
38,2009736717,2010228802,3382441373.8607597
39,2010228803,2010960483,2541464696.4513645
40,2010960484,2011822424,1043705631.5296882
41,2011822425,2059185863,241922877.52695113
