1,1,5676389,27713909.488383465
2,5676390,21457214,1603724415.5948937
3,21457215,25737428,2100514093.5914476
4,25737429,35381863,2522765982.7163744
5,35381864,59747979,3166092135.549229
6,59747980,105080825,2957359698.002118
7,105080826,138029077,2725522551.118432
8,138029078,281442475,2684923660.9522786
9,281442476,302430283,3382856023.272448
10,302430284,431640051,2800967537.292181
11,431640052,444502067,2491929972.258842
12,444502068,551547150,2300703319.5291214
13,551547151,561352417,3454828478.0552344
14,561352418,621151288,2872911128.3369107
15,621151289,680198246,3036378554.669289
16,680198247,696957026,2959521382.1924744
17,696957027,761030107,2940365662.3858886
18,761030108,845381613,2675643449.794667
19,845381614,894581724,3001086025.005082
20,894581725,1096487258,2390197473.5529823
21,1096487259,1129220734,3182592367.911709
22,1129220735,1202386805,2800693661.1560946
23,1202386806,1221524612,2824201817.1996126
24,1221524613,1529090670,2061534445.6403608
25,1529090671,1579244488,2946699213.9738607
26,1579244489,1616138111,3216046727.245229
27,1616138112,1644867336,2321939320.438531
28,1644867337,1729622011,2507775458.611006
29,1729622012,1791711214,2439109634.7536016
30,1791711215,1814847150,2735008374.120611
31,1814847151,1857893992,2891210902.431305
32,1857893993,1925822236,2214895099.94335
33,1925822237,1946380739,2621753549.508102
34,1946380740,1965879809,3289114174.761746
35,1965879810,2152680806,2641639945.8531013
36,2152680807,2153341949,2662047183.227541
37,2153341950,2153739930,2238631276.279464
38,2153739931,2154004806,1631723062.670129
39,2154004807,2154286659,1022885882.7746834
40,2154286660,2154658556,407445767.7900487
41,2154658557,2155102349,132659444.43523452
