1,1,1337347,27745894.37612318
2,1337348,8465172,367879875.4740082
3,8465173,21555729,1613876063.2143743
4,21555730,25352785,2131084681.6079023
5,25352786,28997028,2476472743.1715727
6,28997029,50541848,2812584604.997285
7,50541849,62875178,3200325420.7550077
8,62875179,100983491,3501007981.3838983
9,100983492,140744762,3383113433.938202
10,140744763,176203397,3124870289.379336
11,176203398,205506874,3305253591.661933
12,205506875,275991753,3058328880.785917
13,275991754,412844327,3227297235.589072
14,412844328,430747340,3600821051.8560367
15,430747341,452958901,3954244929.573747
16,452958902,492058929,3694419950.438829
17,492058930,675283788,3804717031.163604
18,675283789,716290257,4027240732.7145
19,716290258,734515112,3712906439.448384
20,734515113,775580522,3883302099.58653
21,775580523,847449002,3613853648.987431
22,847449003,921645679,3810473931.24289
23,921645680,936908170,4054876296.931408
24,936908171,968639560,3838817540.428472
25,968639561,1010908986,3537532568.731297
26,1010908987,1101621564,3713204145.3446136
27,1101621565,1206117715,3825033400.9297495
28,1206117716,1337117487,3558787223.3262296
29,1337117488,1382166661,3873480618.673804
30,1382166662,1551727836,3656609769.419327
31,1551727837,1601677075,3571875498.752644
32,1601677076,1684386195,3860333820.986168
33,1684386196,1737410951,3737794435.0202928
34,1737410952,1789417303,3393617738.606767
35,1789417304,1805514812,3727077500.59881
36,1805514813,1879131688,3467878032.092036
37,1879131689,1909941964,4180722369.431769
38,1909941965,1929917662,3608816693.8585534
39,1929917663,1966312139,3002505241.631336
40,1966312140,2152563257,3248154839.8386774
41,2152563258,2154877291,3034094019.4166355
