1,1,2953446,27782320.11718412
2,2953447,8166324,456637835.29135
3,8166325,19073834,1534415329.9305549
4,19073835,23291216,1893493732.7836416
5,23291217,27388389,2277138040.299987
6,27388390,38466627,2688171695.7482014
7,38466628,62549999,3137846872.248945
8,62550000,101046903,3502083576.8337903
9,101046904,141921597,3357148524.923201
10,141921598,174706328,3129614907.5598507
11,174706329,205772532,3280972892.7686086
12,205772533,278414413,3080083243.531354
13,278414414,302279203,3362475077.4639983
14,302279204,411761699,3005554341.118187
15,411761700,430177474,3513699696.496301
16,430177475,451778339,3477728718.3567886
17,451778340,519103020,3305460087.194868
18,519103021,677651370,3287415818.261639
19,677651371,702983700,4058302211.7891
20,702983701,802035369,3366085933.124628
21,802035370,853022415,3547155016.495843
22,853022416,942898339,3810727594.9245343
23,942898340,968633553,3763772258.710314
24,968633554,1008430269,3568618904.374298
25,1008430270,1101881429,3665731627.387372
26,1101881430,1141107285,3947595587.571985
27,1141107286,1170145936,3775909945.564183
28,1170145937,1206672719,3937291686.684535
29,1206672720,1248249130,3670137634.686316
30,1248249131,1280900328,3619479220.546427
31,1280900329,1376112545,3754055265.808177
32,1376112546,1547235768,3601248441.3200603
33,1547235769,1598331773,3540686675.837503
34,1598331774,1731776679,3772529791.4476
35,1731776680,1749396271,3548883941.3006225
36,1749396272,1794688597,3378309143.804562
37,1794688598,1820643243,3761683896.053887
38,1820643244,1926021998,3962097998.772101
39,1926021999,1962572546,3464434238.944514
40,1962572547,2152323596,3653704965.225877
41,2152323597,2154963794,3257647375.766
