1,1,1127035,27776208.213986117
2,1127036,7970430,394034804.81643885
3,7970431,21798347,1517831093.669384
4,21798348,25324642,2119293033.066769
5,25324643,28201279,2458829151.414674
6,28201280,48354738,2819241513.313926
7,48354739,62995204,3142842217.9053383
8,62995205,101564728,3447139943.222599
9,101564729,141341205,3377896065.0325265
10,141341206,278153413,3116838059.9005914
11,278153414,312108367,3363194169.092767
12,312108368,412546961,3172893599.197348
13,412546962,428923677,3503632622.869629
14,428923678,453637582,3873133466.234307
15,453637583,520192328,3667255599.038476
16,520192329,561483400,3864093718.159408
17,561483401,673879164,3779097804.760184
18,673879165,709310121,4039423076.733792
19,709310122,802079286,3662070742.433
20,802079287,856313982,3543893841.775039
21,856313983,947346230,3819827099.838951
22,947346231,974950390,3706647257.092762
23,974950391,1009256227,3583597771.680186
24,1009256228,1105856869,3637005821.267154
25,1105856870,1135295619,3970546429.5235214
26,1135295620,1164313638,3765757978.966112
27,1164313639,1204437347,3897251563.175901
28,1204437348,1286073985,3620452245.933345
29,1286073986,1393008288,3696270200.782339
30,1393008289,1443146182,3612521623.1009736
31,1443146183,1481537681,3762516667.293754
32,1481537682,1558865491,3610414367.1460176
33,1558865492,1599925835,3538024538.171713
34,1599925836,1731029833,3746422994.087498
35,1731029834,1749395385,3520788352.64264
36,1749395386,1796716402,3353820857.4169884
37,1796716403,1820526644,3766863871.624566
38,1820526645,1928314475,3875213868.604409
39,1928314476,1967182553,3468549799.0235667
40,1967182554,2152454728,3644875163.060237
41,2152454729,2154816786,3201547624.1646237
