1,1,27314465,2282469814.845646
2,27314466,32188840,2743554803.197824
3,32188841,40822186,3292544485.8101907
4,40822187,61026715,5254994881.108597
5,61026716,83932780,4470226789.798744
6,83932781,89928344,5189788530.205309
7,89928345,127385099,5974739835.823131
8,127385100,173997529,6566081001.893325
9,173997530,193981191,5428018292.077495
10,193981192,208535775,4631553385.813366
11,208535776,286081267,4281052202.811997
12,286081268,386739016,3870893464.2336745
13,386739017,396304917,2938384854.496474
14,396304918,403358651,2275453105.3980656
15,403358652,447892240,1886443011.4887102
16,447892241,463471176,1384986115.4110947
17,463471177,489587270,1598742445.371722
18,489587271,504149788,1744980492.1798868
19,504149789,526660441,2787976974.8465185
20,526660442,541806541,4054939746.1545544
21,541806542,550300789,4780947202.949657
22,550300790,832521732,5331708865.431456
23,832521733,1265136552,5222386041.325194
24,1265136553,1267539335,4784091811.3568945
25,1267539336,1270231539,4292601112.3449087
26,1270231540,1278225867,2848774404.6556377
27,1278225868,1282158445,2221975445.8007994
28,1282158446,1320902922,1850138813.560708
29,1320902923,1334233442,2511081851.2976804
30,1334233443,1345643155,3385273118.105012
31,1345643156,1352826346,4132096551.463371
32,1352826347,1361268223,4657103343.694356
33,1361268224,1653218366,5859349537.064228
34,1653218367,1839397959,6091222439.128601
35,1839397960,2009932507,5653832152.224206
36,2009932508,2014732963,4851441497.349025
37,2014732964,2018142350,4161525132.9887247
38,2018142351,2021171455,3630261847.036102
39,2021171456,2025653780,2831245449.651434
40,2025653781,2057430045,1861384214.9783332
41,2057430046,2057500465,1269442585.1020927
