1,1,2957636,27756688.336335104
2,2957637,7840704,498953923.5535922
3,7840705,21527514,1607998625.4182873
4,21527515,24801826,2105639831.7242656
5,24801827,27792814,2449703252.3821006
6,27792815,48459535,2749819922.784776
7,48459536,62588108,3132510093.0109134
8,62588109,111607750,3471393148.506801
9,111607751,142172909,3340494353.3668222
10,142172910,174850517,3091285012.6386185
11,174850518,207501610,3248571809.226878
12,207501611,284864122,3056309247.3770394
13,284864123,302790402,3395376827.275289
14,302790403,408361440,3043721221.0425777
15,408361441,419937894,3465130437.831322
16,419937895,453441007,3812692215.947938
17,453441008,519535082,3585926885.8558216
18,519535083,561248674,3802885443.43468
19,561248675,675852310,3667997688.556618
20,675852311,710603643,3888268630.972583
21,710603644,806410142,3538289424.8339257
22,806410143,848275123,3231812176.92847
23,848275124,947006679,3559797162.7730374
24,947006680,967824808,3497958623.1733527
25,967824809,1022546025,3462699610.2260222
26,1022546026,1103201538,3369548276.852736
27,1103201539,1206808801,3736940813.3226967
28,1206808802,1282850549,3504828835.2645216
29,1282850550,1381493060,3589766396.787365
30,1381493061,1457680208,3617818555.841849
31,1457680209,1480825192,3695198474.985114
32,1480825193,1551185629,3481349440.1247363
33,1551185630,1597364347,3453490151.7095795
34,1597364348,1731619576,3607762045.769031
35,1731619577,1749400424,3471474105.996414
36,1749400425,1789469473,3232403058.9664965
37,1789469474,1812212416,3635158097.822463
38,1812212417,1927828057,3863843110.0967073
39,1927828058,1967951839,3306958874.6445413
40,1967951840,2152623892,3538891209.092788
41,2152623893,2154937120,3080027461.086947
