1,1,27231534,2290553175.687325
2,27231535,34508377,2728962059.301967
3,34508378,44568167,3577315769.501644
4,44568168,58697859,5234503048.4854355
5,58697860,81577570,4795094611.982153
6,81577571,89019792,5335000435.77535
7,89019793,116575607,5438563010.803784
8,116575608,173085198,6510427276.813565
9,173085199,186778940,5853210346.296317
10,186778941,209414462,4638094839.311305
11,209414463,286703109,4284007700.7946563
12,286703110,386221512,3750436353.8351374
13,386221513,388541402,2762091952.617672
14,388541403,391612149,1712057739.8130753
15,391612150,393251688,1122040650.9648006
16,393251689,458143813,701575621.6127766
17,458143814,500272062,1034370109.7639822
18,500272063,511765983,1566403464.0710669
19,511765984,518608227,2233630647.149028
20,518608228,530914883,2765857133.5204296
21,530914884,547818394,4210279674.373502
22,547818395,808522867,5246042257.236903
23,808522868,1264813116,5202350275.19618
24,1264813117,1267365283,4435213235.246923
25,1267365284,1269958682,3499758102.7211437
26,1269958683,1271302648,2941882780.431212
27,1271302649,1274088108,1969420283.3605654
28,1274088109,1319124289,1149587548.2800367
29,1319124290,1333913971,1912801034.5145829
30,1333913972,1341080240,2752129972.204122
31,1341080241,1348461332,3299420920.9495883
32,1348461333,1358014521,3953812321.193254
33,1358014522,1375290957,5291977428.245213
34,1375290958,1609413681,5053108248.350311
35,1609413682,2007830406,5024742801.677234
36,2007830407,2009621319,5198199632.690291
37,2009621320,2011854040,4452851947.567518
38,2011854041,2014324837,3482526979.404725
39,2014324838,2018689927,1821917289.3644457
40,2018689928,2057694992,1162400577.5989583
41,2057694993,2057756974,781466997.8260776
