1,1,3091599,27778367.78206456
2,3091600,7906259,361408755.9558357
3,7906260,21100161,1598276566.3056269
4,21100162,24939509,2130150591.008246
5,24939510,28402510,2429224109.969632
6,28402511,39527995,2794301765.133247
7,39527996,62406613,3175096889.264144
8,62406614,114173966,3494889389.783194
9,114173967,142041297,3363638070.702982
10,142041298,277002647,3067431581.372057
11,277002648,311870079,3350729468.729157
12,311870080,412473642,3221624549.732946
13,412473643,428137995,3609607145.7082295
14,428137996,451944974,3950193706.3946514
15,451944975,519470204,3658497503.6676087
16,519470205,675502770,3763974084.3278494
17,675502771,714569968,3984956327.913721
18,714569969,736759072,3683122262.561122
19,736759073,773704898,3809885081.115692
20,773704899,855798094,3569152779.4112725
21,855798095,943445874,3810235053.68474
22,943445875,968464674,3769284981.965857
23,968464675,1009660692,3583349371.482664
24,1009660693,1099098436,3657689997.904893
25,1099098437,1140103055,3912811569.762239
26,1140103056,1164345796,3243324490.2364435
27,1164345797,1204307301,3422029110.86853
28,1204307302,1248868434,3231188930.4915924
29,1248868435,1283749005,3283053617.5857124
30,1283749006,1353822015,3275747553.3692207
31,1353822016,1365069173,3993916440.397984
32,1365069174,1546460281,3267145764.318829
33,1546460282,1600610958,3557666453.0997686
34,1600610959,1731465109,3754597951.2781568
35,1731465110,1797279058,3376490331.1605864
36,1797279059,1819256439,3801918398.5597353
37,1819256440,1927705228,3955792479.268444
38,1927705229,1965598004,3464354804.647921
39,1965598005,2152597009,3620125101.2728896
40,2152597010,2154208378,2762769243.2191787
41,2154208379,2154928518,2031474021.681536
