1,1,25370420,2307485109.0898166
2,25370421,31748526,2666151686.531928
3,31748527,38711471,3197796985.8652196
4,38711472,80064733,4169013763.14705
5,80064734,87680014,4833601276.420198
6,87680015,133656410,5287480538.403237
7,133656411,174832353,5908048639.554871
8,174832354,196915317,5297318266.18932
9,196915318,207812259,4721360286.129233
10,207812260,276756939,4245910714.048012
11,276756940,387041399,3750483747.2954264
12,387041400,392621833,2284978356.091753
13,392621834,394951870,1505146014.9971054
14,394951871,396370473,1185534482.0924616
15,396370474,459659529,914197072.9713483
16,459659530,501189489,1425856580.4257815
17,501189490,507719689,1835262358.7074847
18,507719690,518808664,2310917132.4911127
19,518808665,535127242,3528330882.117464
20,535127243,552814726,4904929157.577112
21,552814727,806913703,5353968783.694854
22,806913704,1003963161,5286439454.599485
23,1003963162,1265346232,5176075449.532081
24,1265346233,1270277337,3995751498.798934
25,1270277338,1275176666,2932308899.903815
26,1275176667,1277760140,2331504495.709728
27,1277760141,1279651318,1847431789.909318
28,1279651319,1315448196,1567579248.9506364
29,1315448197,1335065239,2474905910.985401
30,1335065240,1353905395,3947131740.4728227
31,1353905396,1362734135,4633884414.43934
32,1362734136,1370484827,5307684254.89503
33,1370484828,1374451578,5766908048.387474
34,1374451579,1754741425,6360612628.860229
35,1754741426,2008612559,5885902299.05414
36,2008612560,2011755021,5318433987.868046
37,2011755022,2013435589,4819482140.988018
38,2013435590,2016809185,3877593055.1957054
39,2016809186,2021559118,2347561581.52059
40,2021559119,2057576941,1331192049.5202081
41,2057576942,2057580913,1065148239.6267997
