1,1,2136489,27675606.17099226
2,2136490,7411639,473193083.480271
3,7411640,22001108,1558290848.5401063
4,22001109,26258889,2163307123.2921777
5,26258890,37571841,2581473795.481822
6,37571842,63319479,3107621724.515515
7,63319480,111275039,3440448483.1690984
8,111275040,142703150,3363161854.7147346
9,142703151,176051835,3108058016.3725333
10,176051836,204994049,3255523440.2482214
11,204994050,278411282,3094858636.752975
12,278411283,302280536,3401226956.850667
13,302280537,418035314,3180828858.04633
14,418035315,453440932,3704912639.4203954
15,453440933,520234163,3683859203.203483
16,520234164,561351041,3909148684.969248
17,561351042,673587996,3351510137.5724783
18,673587997,710597602,3592887674.523536
19,710597603,807876602,3201066818.2235217
20,807876603,864308974,3145034534.845129
21,864308975,946990488,3408438242.7301207
22,946990489,974636602,3686363696.61494
23,974636603,1009404192,3560944696.8356066
24,1009404193,1107054176,3646826107.781456
25,1107054177,1142198540,3950835222.7438216
26,1142198541,1167197827,3719409460.989821
27,1167197828,1204158496,3910569530.080258
28,1204158497,1286860731,3602852824.600561
29,1286860732,1365261598,3733213013.0645614
30,1365261599,1422728556,3680317202.214691
31,1422728557,1440237834,3602570848.7621107
32,1440237835,1480380659,3784169606.136077
33,1480380660,1559394759,3652309806.615893
34,1559394760,1599789986,3540972850.5537944
35,1599789987,1730956773,3769206669.409289
36,1730956774,1749722445,3537943543.2074614
37,1749722446,1794050613,3383483817.127064
38,1794050614,1819789358,3819228113.672929
39,1819789359,1925439717,3902381310.683948
40,1925439718,1965405815,3464161261.7365417
41,1965405816,2153677892,3316938810.5988064
