1,1,26996522,2311744047.2706385
2,26996523,33215950,2723582540.3610907
3,33215951,43520900,3388967925.8248153
4,43520901,61636341,5347221309.0730505
5,61636342,81456271,4436680287.197733
6,81456272,87882097,5112508057.137926
7,87882098,91468666,5486678432.726466
8,91468667,138546703,5909249144.19541
9,138546704,177294548,6457963519.827373
10,177294549,188254873,5759140673.840786
11,188254874,208077962,4639904976.607761
12,208077963,287071201,4219335883.7387404
13,287071202,388391500,3692779322.266096
14,388391501,395730828,2787217472.0495987
15,395730829,401469567,2102637148.198366
16,401469568,447885296,1747060176.3398502
17,447885297,499832613,1282234291.3112433
18,499832614,510260505,1998377282.266828
19,510260506,518763071,2618967955.125277
20,518763072,528214969,3251950552.482558
21,528214970,547536019,4216039086.95596
22,547536020,830393968,5128826829.752306
23,830393969,1265079953,5221475308.375361
24,1265079954,1268108069,4686413414.762406
25,1268108070,1272417714,3964851881.6631517
26,1272417715,1275278126,3450798839.7532554
27,1275278127,1279053135,2757721124.260526
28,1279053136,1320558045,1851874566.5273669
29,1320558046,1337830418,2690544486.5234394
30,1337830419,1351468445,3806853118.8775344
31,1351468446,1362923121,4665069210.89672
32,1362923122,1371814628,5325100875.334258
33,1371814629,1619075515,5892003301.510485
34,1619075516,2009433610,5496226434.282279
35,2009433611,2013425583,4650197853.252081
36,2013425584,2016809412,3992178029.3858666
37,2016809413,2019063441,3457320122.4538445
38,2019063442,2021494703,2953898022.2977157
39,2021494704,2024016674,2523733167.9598527
40,2024016675,2057526775,1739685225.429111
41,2057526776,2057533971,1260974792.3679998
