1,1,27817653,2280834620.01227
2,27817654,33655174,2780220250.7559295
3,33655175,40772537,3365211290.527236
4,40772538,82870775,4530728252.561055
5,82870776,87304205,5163914693.963677
6,87304206,95318094,5522006410.363831
7,95318095,136646997,5957574887.339809
8,136646998,174093884,6566794919.852898
9,174093885,200150381,5191355174.259918
10,200150382,208506050,4656617058.650593
11,208506051,275869601,4339476503.936546
12,275869602,325139198,4144496234.6785645
13,325139199,386813364,3727012132.0413876
14,386813365,394061843,2535363023.674313
15,394061844,397283520,1850037854.831814
16,397283521,398831381,1569628361.1872823
17,398831382,447889481,1360528667.499852
18,447889482,461520901,1151441475.201085
19,461520902,501510352,1436112897.3707638
20,501510353,511840796,2173575225.167803
21,511840797,519815822,2753248556.5492196
22,519815823,528569055,3318116329.5318875
23,528569056,547674496,4736123333.489215
24,547674497,713720096,5442092784.861692
25,713720097,1265636759,5128801115.603483
26,1265636760,1272551617,3919784994.1184726
27,1272551618,1275498338,3383632626.646363
28,1275498339,1278869311,2736424477.5200205
29,1278869312,1316929421,1848005618.1235058
30,1316929422,1322755960,2098017832.7088542
31,1322755961,1348715502,3470274890.237707
32,1348715503,1364995780,4648572664.06135
33,1364995781,1372416474,5372999571.616961
34,1372416475,1649290836,5927993238.623994
35,1649290837,2009686455,5450730223.046008
36,2009686456,2014735813,4408854195.978686
37,2014735814,2018516197,3561176726.5815835
38,2018516198,2021430253,3003013365.8983154
39,2021430254,2024489372,2333928298.255512
40,2024489373,2057554003,1665797278.4170804
41,2057554004,2057557620,1363209032.549671
