1,1,28511124,2321325383.1273546
2,28511125,44246419,2886058107.5965714
3,44246420,60611470,5239524659.973948
4,60611471,80935777,4614677018.216368
5,80935778,87578213,5084198062.039986
6,87578214,141066552,5542533769.158861
7,141066553,172821051,6108488648.894008
8,172821052,187485203,5778691574.399814
9,187485204,207168583,4773266363.347481
10,207168584,276675426,3862308971.881953
11,276675427,386116706,3624187309.3208647
12,386116707,389348883,2585731268.8265653
13,389348884,391550766,1735788244.386955
14,391550767,393250353,1123230468.3199718
15,393250354,457861368,704145864.2187066
16,457861369,502414381,1068960575.8113635
17,502414382,511110771,1537360099.7914417
18,511110772,519370035,2219381376.381392
19,519370036,528202988,2847274360.0917325
20,528202989,549116490,4330473437.374508
21,549116491,825136173,5360767149.00459
22,825136174,996470394,5514089932.506156
23,996470395,1264248405,5396536065.8249035
24,1264248406,1265667826,4955731501.135462
25,1265667827,1267845374,4101126835.565918
26,1267845375,1273808900,2138256303.6438074
27,1273808901,1275487901,1534910096.8324702
28,1275487902,1318248372,1153519940.0293043
29,1318248373,1327973136,1555423664.238192
30,1327973137,1351598841,3457386037.467903
31,1351598842,1362729377,4419160799.338762
32,1362729378,1375256731,5237956586.876514
33,1375256732,1830911752,6132776267.202236
34,1830911753,2008437497,6202678232.199615
35,2008437498,2010776180,5323131932.564982
36,2010776181,2013006294,4469783194.987109
37,2013006295,2013662362,3941398757.1753654
38,2013662363,2015047802,3409263785.677682
39,2015047803,2017206465,2564840956.386697
40,2017206466,2057690777,1110185031.8076174
41,2057690778,2059728934,752708038.8349257
