1,1,1225713,27768582.43965181
2,1225714,7895587,567128467.3924044
3,7895588,18385584,1550114816.0063872
4,18385585,22669769,1868833425.5847545
5,22669770,26261546,2232106749.1836934
6,26261547,37872911,2564552614.4614725
7,37872912,62903261,3133194690.675795
8,62903262,101169882,3523722957.2781363
9,101169883,142672126,3350332466.829832
10,142672127,175920665,3087371087.854206
11,175920666,209493851,3288420805.0694013
12,209493852,271596638,3014380551.3956466
13,271596639,302280554,3364361011.6877666
14,302280555,419029715,3162031139.53784
15,419029716,450455823,3796490919.411153
16,450455824,520262318,3677731292.7034006
17,520262319,561467326,3889251188.132928
18,561467327,676072584,3766919103.923042
19,676072585,710493862,4035277481.397041
20,710493863,807810524,3688351762.0131807
21,807810525,853349920,3537320024.6980987
22,853349921,947210461,3847424867.903111
23,947210462,972530861,3745763554.4165263
24,972530862,1010544892,3549518248.1550293
25,1010544893,1102726962,3664577854.175
26,1102726963,1141689912,3910543370.4233313
27,1141689913,1164407383,3767309740.6343737
28,1164407384,1204159519,3922361397.093051
29,1204159520,1248598709,3705794023.182484
30,1248598710,1285997598,3584462196.1112595
31,1285997599,1372113944,3719350154.223189
32,1372113945,1553914645,3620929870.287204
33,1553914646,1602556639,3541775878.493119
34,1602556640,1732064508,3384289799.858186
35,1732064509,1749859101,3533775024.111453
36,1749859102,1792119526,2892578317.2059894
37,1792119527,1819396194,3541669690.875837
38,1819396195,1923699097,3496884513.543964
39,1923699098,1966219755,3166790484.471647
40,1966219756,2152360982,3298468988.13737
41,2152360983,2154784382,3231852324.18646
