1,1,28071170,2300840284.5745287
2,28071171,34508372,2792440824.1210504
3,34508373,46583105,3538218158.080615
4,46583106,58668342,5460292091.958804
5,58668343,79920703,4289505852.2843695
6,79920704,87111532,5089424451.552421
7,87111533,112443900,5282098695.688539
8,112443901,172218397,6380523567.872085
9,172218398,186131809,5854030534.712832
10,186131810,202410346,4682733034.438651
11,202410347,209201877,4617766350.845929
12,209201878,285527801,3592436981.8150444
13,285527802,385373546,3610039311.3635716
14,385373547,388201370,2347135115.29102
15,388201371,389321855,1470258631.284503
16,389321856,390433046,859240542.2037007
17,390433047,454967820,456520276.5845512
18,454967821,502353386,676223790.072493
19,502353387,514825717,1272192706.7627094
20,514825718,524727990,2163673093.227577
21,524727991,532923374,2908130693.381595
22,532923375,544910929,3731179351.9123363
23,544910930,1264754285,4976759532.657589
24,1264754286,1267788643,3564759523.2941284
25,1267788644,1269215619,2786111680.737192
26,1269215620,1270403260,1965425118.1289518
27,1270403261,1271601840,1214044630.0778053
28,1271601841,1320314729,741765468.5602858
29,1320314730,1328915070,1282052487.5883048
30,1328915071,1339294851,2108241391.8734071
31,1339294852,1347158270,2945784722.1099224
32,1347158271,1354905828,3553895156.4809184
33,1354905829,1366325177,4298744805.9536295
34,1366325178,1489888017,5623900738.678359
35,1489888018,2008191580,5637996172.257082
36,2008191581,2009126672,4993663162.628919
37,2009126673,2010428296,4295746145.922957
38,2010428297,2012045054,3239895594.711946
39,2012045055,2013945143,2031586231.3066468
40,2013945144,2015556241,1007788648.7632229
41,2015556242,2058036251,590863489.6414913
