1,1,26223767,1961907248.2111883
2,26223768,31558315,2701798862.2587366
3,31558316,37943537,3168770515.855006
4,37943538,61278360,5335010562.290019
5,61278361,81981650,4059272009.0905337
6,81981651,89781474,5007139968.911182
7,89781475,98377596,5635301242.590199
8,98377597,139960899,5937226865.269958
9,139960900,173105852,6645479628.33679
10,173105853,189962852,5352778717.635062
11,189962853,198910765,5076924172.742836
12,198910766,210027817,4558990452.441403
13,210027818,285987135,4271408808.2223954
14,285987136,386772755,3885126931.7356825
15,386772756,393323221,2969418786.661133
16,393323222,397485832,2374227914.4607077
17,397485833,400611231,1909569766.5708675
18,400611232,447918392,1527628608.650066
19,447918393,463366340,1351148054.8332634
20,463366341,499340899,1560557044.7569785
21,499340900,509532704,2038964707.8206081
22,509532705,522069330,2723998324.738022
23,522069331,542403552,3963736201.2920604
24,542403553,832855325,5104056963.800378
25,832855326,1265325704,5187494145.083717
26,1265325705,1270472211,4316917494.681152
27,1270472212,1273211002,3812095491.669774
28,1273211003,1277461596,2934521013.842487
29,1277461597,1319920751,1852931063.9781492
30,1319920752,1344342941,2717562768.490777
31,1344342942,1360394277,4117340608.6550946
32,1360394278,1372200539,5201364766.81
33,1372200540,1726115116,6010694137.402561
34,1726115117,2009149301,5676087864.551969
35,2009149302,2014105852,4846271183.267595
36,2014105853,2016727560,4268017097.0949326
37,2016727561,2020722184,3469890659.8434043
38,2020722185,2024165011,2710541794.518507
39,2024165012,2027226893,2156864281.955354
40,2027226894,2057375566,1860588474.3470635
41,2057375567,2057531679,1243837271.5113208
