1,1,28257273,1946398907.8492897
2,28257274,34374319,2844931763.5238633
3,34374320,44046044,3582265681.661602
4,44046045,58511673,3779588214.288079
5,58511674,62770742,5800283510.634871
6,62770743,87962665,4853234578.677062
7,87962666,118850092,5635450993.334689
8,118850093,175250068,6428798961.160033
9,175250069,190363525,5582067462.253084
10,190363526,208246948,4705735519.2005625
11,208246949,289996179,4280781849.568434
12,289996180,387754708,3757662356.944675
13,387754709,394293841,3080122309.6423707
14,394293842,403119960,2302928626.6780777
15,403119961,447903973,1906778893.2980359
16,447903974,453561091,1535971023.2687845
17,453561092,462398281,1220386914.660819
18,462398282,500558853,1430231446.9547777
19,500558854,511084588,2023805413.047984
20,511084589,526563053,3051281068.1930485
21,526563054,538069987,3859567636.2216773
22,538069988,555751824,4456791277.1694145
23,555751825,1264479832,5163970374.59041
24,1264479833,1270921307,4161142976.6562824
25,1270921308,1277070082,3130176128.713039
26,1277070083,1279381836,2683132870.2875004
27,1279381837,1281555829,2187690059.8173213
28,1281555830,1316422026,1847680381.6221595
29,1316422027,1323082378,2143091338.7186828
30,1323082379,1330160024,2579637428.541745
31,1330160025,1341277979,3070908732.0331774
32,1341277980,1360292291,4160693002.8210344
33,1360292292,1461004119,5355082737.935887
34,1461004120,2008562526,5717030604.576379
35,2008562527,2013556235,4600462332.806583
36,2013556236,2019686963,3300329113.1119637
37,2019686964,2022375628,2832384932.6964803
38,2022375629,2024717796,2450569712.8946795
39,2024717797,2027275151,1908700977.7963526
40,2027275152,2057406542,1844684540.9771342
41,2057406543,2057536383,1285456012.5344963
