1,1,1006933,27756757.13560588
2,1006934,8198078,376368203.3696124
3,8198079,23341811,1615784045.2499344
4,23341812,27672497,2294096718.540022
5,27672498,37950194,2706180411.187293
6,37950195,62380065,3191992438.90895
7,62380066,111559086,3486420228.942206
8,111559087,141875690,3379394579.866188
9,141875691,278045232,3134991625.261458
10,278045233,312108224,3361827741.598093
11,312108225,412079018,3169899691.201338
12,412079019,420651611,3526852857.168693
13,420651612,450808901,3903450862.915161
14,450808902,520729705,3607525877.363841
15,520729706,562381027,3925374870.135948
16,562381028,675157720,3770810656.415144
17,675157721,703876309,3998717593.422238
18,703876310,735641123,3698089020.028593
19,735641124,775375020,3854939379.634578
20,775375021,854387549,3577858921.760184
21,854387550,921411371,3821275131.18805
22,921411372,941287799,3957058540.110817
23,941287800,974564969,3718202756.517122
24,974564970,1007923421,3538833409.584408
25,1007923422,1099322056,3681422234.450917
26,1099322057,1138285047,3986520202.387258
27,1138285048,1165506345,3733722540.9575934
28,1165506346,1205314469,3926624638.239539
29,1205314470,1337456267,3607137737.874575
30,1337456268,1365514231,3942731661.046274
31,1365514232,1546816748,3633448810.200764
32,1546816749,1603134522,3557773730.1522584
33,1603134523,1683489167,3819456391.3215103
34,1683489168,1732119355,3810416835.739205
35,1732119356,1751055999,3579645968.3413157
36,1751056000,1788589251,3371571309.893028
37,1788589252,1804096345,3661638607.752399
38,1804096346,1928288006,3835963284.555329
39,1928288007,1966257570,3480500338.813694
40,1966257571,2152583143,3667015900.352177
41,2152583144,2154893089,3205266928.148732
