1,1,26710651,2294642655.1884375
2,26710652,31032909,2676193502.9874287
3,31032910,38588277,3087935508.3247237
4,38588278,61585320,5380222354.849054
5,61585321,82224210,4535410844.954999
6,82224211,88124275,5195396137.68466
7,88124276,92512439,5263590741.53046
8,92512440,140165366,5789105862.891047
9,140165367,172998557,6391771439.941371
10,172998558,189037154,5715110274.032228
11,189037155,207217028,4743296520.595053
12,207217029,262316225,4373898226.915269
13,262316226,302139409,3838239157.701485
14,302139410,386354956,3373028050.0158978
15,386354957,393878490,2716018364.999435
16,393878491,397782952,2101161266.872783
17,397782953,400027760,1708789969.8186274
18,400027761,447916772,1477200745.4560187
19,447916773,463084316,1217066547.2631745
20,463084317,490238752,1448912682.064025
21,490238753,500940360,1734303320.622388
22,500940361,524111979,2628737974.428713
23,524111980,534775601,3727823015.442044
24,534775602,545574021,4490171601.952731
25,545574022,551784169,4996957181.681751
26,551784170,802406455,5335596573.8324
27,802406456,1265280469,5146075012.5741415
28,1265280470,1270179843,4369296814.09081
29,1270179844,1277294443,3003053341.0367785
30,1277294444,1281730953,2227803373.8329515
31,1281730954,1317947994,1836393245.2745273
32,1317947995,1333983311,2497148265.3229795
33,1333983312,1344037251,3325870985.8050656
34,1344037252,1357500995,3979803287.3735385
35,1357500996,1699751112,5429801963.028182
36,1699751113,2009304724,5547462035.681729
37,2009304725,2014302126,4626521731.715445
38,2014302127,2018994995,3622251912.0761437
39,2018994996,2025480985,2322460059.8300734
40,2025480986,2057182598,1823008458.3331785
41,2057182599,2057553715,1287686906.6787944
