1,1,287035,27719133.183385435
2,287036,7730252,586277182.6659693
3,7730253,19989388,1453907915.726251
4,19989389,23587659,1963700120.0925596
5,23587660,36960330,2320601217.283747
6,36960331,62517126,3096391767.3568573
7,62517127,100844417,3555498755.840713
8,100844418,142840451,3383395146.75648
9,142840452,176333501,3138728362.406669
10,176333502,203325476,3283721174.6949177
11,203325477,269916720,3104800993.242421
12,269916721,303035140,3368209537.8020897
13,303035141,418957291,3179941253.904499
14,418957292,449071529,3814379253.991696
15,449071530,520526852,3687695125.306283
16,520526853,562144613,3901914027.5525775
17,562144614,675380648,3774210114.8901377
18,675380649,710397345,4029860670.350941
19,710397346,802672939,3706440029.851149
20,802672940,854610543,3521995168.5506907
21,854610544,947937213,3803997371.972732
22,947937214,974563596,3777852488.479964
23,974563597,1010716999,3582088226.2485094
24,1010717000,1105540467,3684955347.9110446
25,1105540468,1131820684,3903948958.212208
26,1131820685,1169889297,3773151724.346016
27,1169889298,1203425529,3919657955.8995543
28,1203425530,1281038007,3610225328.39591
29,1281038008,1380496160,3770128833.472306
30,1380496161,1444215568,3631044421.586611
31,1444215569,1477930885,3810410738.4008737
32,1477930886,1559528971,3625953064.396648
33,1559528972,1596892828,3412725752.536286
34,1596892829,1732169311,3773351004.408984
35,1732169312,1749446065,3568469468.5255094
36,1749446066,1791882197,3352187400.6879845
37,1791882198,1820345729,3776015656.7464
38,1820345730,1927863823,3916868003.066036
39,1927863824,1967410499,3511206349.00546
40,1967410500,2152598113,3586831369.516037
41,2152598114,2154935418,3186691641.679653
