1,1,26558150,2244059237.3934264
2,26558151,31396647,2751467331.924473
3,31396648,39236762,3135006752.2188654
4,39236763,62514794,5403124222.205429
5,62514795,82555618,4412269974.456731
6,82555619,88469666,5239230433.37335
7,88469667,96732498,5582929423.701482
8,96732499,142218372,5918535944.090556
9,142218373,173735912,6469916828.541291
10,173735913,189880878,5674515396.922342
11,189880879,208088803,4679218217.450118
12,208088804,263389530,4317032381.007114
13,263389531,304486079,4173246373.391738
14,304486080,386281690,3873371535.2851458
15,386281691,395200755,2705854228.1784782
16,395200756,400658495,1868266018.4919767
17,400658496,447910858,1605586404.4710596
18,447910859,489590280,1266102626.3034916
19,489590281,504454010,1610597846.1836047
20,504454011,523710417,2560838011.587559
21,523710418,535851318,3664826140.5873694
22,535851319,549625830,4552875036.694912
23,549625831,1264844313,5235524110.491898
24,1264844314,1267495258,4831085375.638745
25,1267495259,1271165358,4209366358.0724554
26,1271165359,1277516910,2972915093.8153815
27,1277516911,1281683693,2287964998.269829
28,1281683694,1319933398,1844942770.1083813
29,1319933399,1330836620,2729761364.6978493
30,1330836621,1341940740,3240630019.812338
31,1341940741,1348043663,3824785310.0072093
32,1348043664,1358178858,4303661886.828669
33,1358178859,1372397706,5321424067.192374
34,1372397707,1599195414,5152227757.987411
35,1599195415,2008679727,5155253353.41042
36,2008679728,2012335701,5096082752.372077
37,2012335702,2016042408,4233172334.9511294
38,2016042409,2019830181,3249133169.958372
39,2019830182,2024688669,2249400056.840865
40,2024688670,2057554305,1663729558.58273
41,2057554306,2057560313,1265452229.3695498
