1,1,26597413,2299261468.5568633
2,26597414,31327512,2691216838.8782425
3,31327513,40610884,3127672088.20464
4,40610885,59243419,5407640397.557536
5,59243420,80646096,4007677967.553951
6,80646097,88220841,5068350005.141087
7,88220842,91926020,5483470049.012369
8,91926021,145411411,5922580821.207461
9,145411412,172525728,6534717672.693121
10,172525729,193280125,5588458670.500359
11,193280126,208711776,4600161515.989432
12,208711777,286594214,4269164424.2929068
13,286594215,386219201,3861038223.674174
14,386219202,390564508,3032496221.3067684
15,390564509,396039877,2090788844.233981
16,396039878,398460103,1652358986.0258555
17,398460104,447907514,1361273803.601272
18,447907515,461467122,1139065881.478891
19,461467123,497900428,1459345310.7955647
20,497900429,506779629,1956364496.907442
21,506779630,513039332,2407564622.2961793
22,513039333,522659628,2875425107.5497484
23,522659629,541773268,4022184651.205706
24,541773269,1263023168,5167125878.36672
25,1263023169,1268343860,4661612473.415863
26,1268343861,1271668209,4067635401.526282
27,1271668210,1275964577,3329336424.555654
28,1275964578,1281684750,2280220171.130845
29,1281684751,1317576162,1825163106.4979205
30,1317576163,1336043488,2655897466.250048
31,1336043489,1350996033,3875012992.7139583
32,1350996034,1356935848,4517128351.042025
33,1356935849,1363743914,4894234327.329999
34,1363743915,1372769088,5380542378.827789
35,1372769089,1512614022,5900911272.490813
36,1512614023,2007514677,5661851462.316813
37,2007514678,2013092148,4722780542.971917
38,2013092149,2016637762,4016060304.6011486
39,2016637763,2020851056,3289105114.9589787
40,2020851057,2024776744,2315004514.152668
41,2024776745,2057562262,1356957538.2009408
