1,1,26981794,2312813607.199096
2,26981795,32301237,2716336257.213445
3,32301238,43095283,3279928019.43978
4,43095284,58862251,5480547487.0518675
5,58862252,81387132,4507035075.017453
6,81387133,86507936,5092697691.090288
7,86507937,91034253,5471464190.343036
8,91034254,136778204,6215392890.712261
9,136778205,174928330,6478817157.052053
10,174928331,196443557,5319530535.96018
11,196443558,208387412,4657103125.141976
12,208387413,279708490,4257979148.119167
13,279708491,387312023,3806837587.99091
14,387312024,397927686,2819827170.6584554
15,397927687,403332317,2275205374.681607
16,403332318,447902596,1934788452.9648654
17,447902597,463928623,1375095416.0078917
18,463928624,489919529,1494437995.36673
19,489919530,506244858,1796821349.5898874
20,506244859,528093711,3313402750.777971
21,528093712,543159226,4288663050.9396014
22,543159227,552117772,4931567106.074384
23,552117773,800983542,5499004796.017887
24,800983543,973684522,5463783081.267926
25,973684523,1264338757,5353893115.3017645
26,1264338758,1267756024,4762323792.171662
27,1267756025,1273052523,3950192932.205962
28,1273052524,1275789980,3471774013.253586
29,1275789981,1280295457,2766707587.6647468
30,1280295458,1318287109,1905623583.656778
31,1318287110,1327674255,2400749810.6160603
32,1327674256,1336973952,2921393044.3494954
33,1336973953,1361167155,4478109769.499226
34,1361167156,1377048182,5708643904.404822
35,1377048183,1823496523,5273333886.142343
36,1823496524,2012613986,5138981904.79452
37,2012613987,2022614324,3506904140.147686
38,2022614325,2025777253,4151182355.629654
39,2025777254,2029783028,3522996646.889746
40,2029783029,2057466310,1771512864.6727462
41,2057466311,2057476954,1295037293.9789727
