1,1,27812420,2319546562.865674
2,27812421,33498155,2826429458.9384546
3,33498156,44652122,3387887403.028422
4,44652123,60979159,5402559105.163933
5,60979160,81254298,4529892174.226689
6,81254299,86386718,5082102051.299438
7,86386719,104772157,5466328069.028639
8,104772158,177291116,6404574640.734251
9,177291117,197803380,5299400964.082662
10,197803381,208914174,4364121133.257855
11,208914175,275865805,4014242222.907904
12,275865806,320153572,4147840241.709087
13,320153573,388330623,3709802994.2616987
14,388330624,397647142,2805768149.6365905
15,397647143,403441488,2225589167.8925233
16,403441489,447909483,1849454993.9838734
17,447909484,488326744,1347461376.6966708
18,488326745,507211086,1710979633.5343711
19,507211087,527465528,3276592287.9928784
20,527465529,540026865,3993042873.3962126
21,540026866,549902534,4687307354.149931
22,549902535,812621846,5179329263.83659
23,812621847,1264631773,5057050859.449908
24,1264631774,1267261401,4850686804.308736
25,1267261402,1272105043,3919668865.437052
26,1272105044,1278477159,2767252522.0960875
27,1278477160,1282247831,2104822652.456381
28,1282247832,1321441720,1811671359.9795575
29,1321441721,1337194921,2604435554.048651
30,1337194922,1345428827,3600751931.75415
31,1345428828,1352990143,4112589980.2683787
32,1352990144,1362498699,4605144145.918875
33,1362498700,1701119857,5115407663.437212
34,1701119858,2008377695,5078379333.209722
35,2008377696,2011487049,5248199529.407692
36,2011487050,2015414780,4402804586.828497
37,2015414781,2017919460,3880915681.914639
38,2017919461,2022116866,3110338336.9211693
39,2022116867,2026034506,2185479190.930918
40,2026034507,2057498702,1596816824.187259
41,2057498703,2057552630,1241553702.919745
