1,1,3157533,27741194.13419465
2,3157534,8527363,404927167.46887547
3,8527364,19444152,1573231832.561983
4,19444153,23152141,1926233619.7487404
5,23152142,27421764,2310316732.1876407
6,27421765,48713523,2699004883.539161
7,48713524,63854002,3159772272.28701
8,63854003,101935671,3552032766.7356086
9,101935672,142063270,3373996307.3076954
10,142063271,276865160,3123417159.32288
11,276865161,312128591,3368578436.787413
12,312128592,411055644,2840358002.3666296
13,411055645,426406965,3372412346.8062625
14,426406966,454925245,3913915446.687077
15,454925246,520498618,3229248383.816378
16,520498619,561710080,3567347227.589654
17,561710081,667992035,3352266432.6135964
18,667992036,715023260,3551558571.485313
19,715023261,736618869,3681794113.870647
20,736618870,774611371,3829521489.823459
21,774611372,854716928,3569963996.867438
22,854716929,922299693,3821869361.376504
23,922299694,937002292,4039423013.276343
24,937002293,969159375,3749937463.3647313
25,969159376,1007624478,3530320133.069653
26,1007624479,1099255569,3573197948.792892
27,1099255570,1140778734,3752027433.219353
28,1140778735,1165057704,3791369557.3567934
29,1165057705,1204759746,3914030196.873459
30,1204759747,1339133251,3372417427.795844
31,1339133252,1379980783,3851883684.370701
32,1379980784,1544563766,3605346558.9345336
33,1544563767,1601792526,3591025503.0816946
34,1601792527,1684014399,3796335284.6505294
35,1684014400,1736857759,3739807963.250185
36,1736857760,1788593045,3396494382.4126754
37,1788593046,1803938416,3661806458.8728657
38,1803938417,1929607821,3913891363.281594
39,1929607822,1966764717,3523795201.7588487
40,1966764718,2152465852,3700129358.929176
41,2152465853,2154893268,3252479616.3826284
