1,1,2385148,27705588.71900388
2,2385149,6928698,351257430.93888783
3,6928699,22016499,1599249160.056476
4,22016500,25500944,2179176746.4658427
5,25500945,28691225,2485557075.543395
6,28691226,49806574,2779527750.4736085
7,49806575,64244236,3202442931.735063
8,64244237,101151623,3542063805.8519006
9,101151624,141831057,3388018548.7643337
10,141831058,279799329,3125445477.087729
11,279799330,301968402,3426535778.721432
12,301968403,412282725,3169040466.749838
13,412282726,428396611,3547793815.505754
14,428396612,451461834,3915714080.2463217
15,451461835,519287794,3686362368.954313
16,519287795,675482197,3774470540.977544
17,675482198,716255387,3993713553.57613
18,716255388,735735121,3661929052.0755954
19,735735122,775644935,3864060777.1284223
20,775644936,853037927,3565460276.172699
21,853037928,922054465,3817793146.8894687
22,922054466,946025416,3934711414.087814
23,946025417,968521964,3794484360.8676143
24,968521965,1008370277,3587673818.229286
25,1008370278,1106663071,3694428508.836903
26,1106663072,1138040381,3927123428.606015
27,1138040382,1165912918,3791762528.549259
28,1165912919,1206199977,3932850330.716543
29,1206199978,1343359192,3639120318.897119
30,1343359193,1370094171,3882449766.955073
31,1370094172,1545806496,3609125640.221076
32,1545806497,1602559470,3551838058.014453
33,1602559471,1684380489,3826141009.797198
34,1684380490,1736902605,3771172207.4691257
35,1736902606,1788673483,3316237836.610055
36,1788673484,1803608544,3686781189.4201374
37,1803608545,1927253042,3927487799.917148
38,1927253043,1964266112,3478958395.8604064
39,1964266113,2152437149,3678229618.051962
40,2152437150,2153345530,3420421842.659805
41,2153345531,2154690855,2785603645.942665
