1,1,513327,27731449.12008861
2,513328,7841486,363493554.08252347
3,7841487,19973866,1564190213.794
4,19973867,24311154,1957831894.3013551
5,24311155,27984713,2361680512.3665366
6,27984714,38300484,2802378022.0958314
7,38300485,63069788,3198213230.0977387
8,63069789,101436744,3542396907.7491493
9,101436745,141916654,2953334303.717512
10,141916655,188001504,2747749516.932968
11,188001505,206580307,3292177832.407351
12,206580308,281746540,2741444141.9009485
13,281746541,302417702,3392237037.67911
14,302417703,415858860,2907872770.7531004
15,415858861,452066051,3735677131.793252
16,452066052,520058314,3780873320.5440216
17,520058315,561860724,3936870174.04484
18,561860725,676978740,3828578825.084458
19,676978741,711379921,4079885011.761056
20,711379922,734916977,3698794715.229045
21,734916978,775943739,3879133580.6357474
22,775943740,847304693,3614617775.371084
23,847304694,892515842,3828222910.832608
24,892515843,942812644,3846100941.5270658
25,942812645,1032369880,3659897990.804647
26,1032369881,1072615340,3864197059.1068206
27,1072615341,1100701437,3712510797.3119135
28,1100701438,1206898847,3855122247.954999
29,1206898848,1287249751,3588980434.794752
30,1287249752,1391704974,3771500859.559779
31,1391704975,1543152538,3688577702.382953
32,1543152539,1601956181,3593876102.54568
33,1601956182,1728522429,3855190816.795964
34,1728522430,1746999392,3680600508.533316
35,1746999393,1792541451,3358167833.6037297
36,1792541452,1812668572,3840112193.9510303
37,1812668573,1881489705,4038588712.948312
38,1881489706,1919172352,4166006423.009181
39,1919172353,1930088108,3864640747.8665714
40,1930088109,1967284559,3545429680.998062
41,1967284560,2154052117,3346422830.3287234
