1,1,1145061,27728321.006830294
2,1145062,8109386,361683298.7691902
3,8109387,22520271,1612115440.6744182
4,22520272,25385009,2206831170.1372986
5,25385010,28241067,2486268305.28296
6,28241068,49289140,2774716911.396889
7,49289141,63527079,3188328708.3793344
8,63527080,101952538,3518834206.7106957
9,101952539,140708635,3390271027.0399723
10,140708636,279452785,3086930828.803935
11,279452786,302343774,3394372195.506697
12,302343775,413825793,3216342191.871936
13,413825794,422982975,3554722371.373692
14,422982976,450568878,3907322659.6302986
15,450568879,520235386,3718492856.9896426
16,520235387,674612178,3722957179.8928337
17,674612179,713493124,4022292459.750604
18,713493125,735787400,3697420632.874641
19,735787401,775754905,3891009083.291676
20,775754906,855398319,3596780191.697397
21,855398320,921549702,3841272435.4446898
22,921549703,945096258,3983513053.575101
23,945096259,968784252,3763893296.251372
24,968784253,1009019907,3625455533.398632
25,1009019908,1105640268,3686357350.171291
26,1105640269,1143040544,3973548924.026204
27,1143040545,1164697501,3673565872.125684
28,1164697502,1205653084,3922716089.7088094
29,1205653085,1338091949,3618231663.028434
30,1338091950,1382011955,3884247964.802807
31,1382011956,1546466179,3676293044.853935
32,1546466180,1602105060,3597402582.049662
33,1602105061,1684863739,3498201783.764078
34,1684863740,1736996440,3359909509.4574203
35,1736996441,1788385700,2837840479.375192
36,1788385701,1804871294,3459591186.3880234
37,1804871295,1920337031,3486072102.385881
38,1920337032,1929549972,3873399262.814328
39,1929549973,1965031405,2940299646.231026
40,1965031406,2152564098,3331889328.1349506
41,2152564099,2154895672,3272464401.418201
