1,1,28123153,2298492931.5582123
2,28123154,34589273,2807309287.7825212
3,34589274,44652211,3531063689.640525
4,44652212,60942110,5315927779.111892
5,60942111,83739541,4336769546.865339
6,83739542,95409939,5255809946.603902
7,95409940,137391047,5982734946.740849
8,137391048,177324367,6483743930.853811
9,177324368,196822914,5299402803.7511425
10,196822915,209033210,4627836092.634369
11,209033211,288316708,4228871412.00484
12,288316709,388589297,3707191181.060933
13,388589298,397652452,2855577801.071992
14,397652453,404019048,2254954749.6562552
15,404019049,447906388,1869005051.4321089
16,447906389,489700016,1359841166.2051404
17,489700017,506309195,1768331192.04685
18,506309196,523532332,2732330826.0335717
19,523532333,535552929,3852351437.5213504
20,535552930,546272444,4616139872.162369
21,546272445,553789905,5205838945.096526
22,553789906,805691376,5515855959.531661
23,805691377,992352943,5342256431.725854
24,992352944,1265520247,5148640127.462655
25,1265520248,1270004677,4395942339.072928
26,1270004678,1275437284,3614977048.5953135
27,1275437285,1279309539,3077722175.1516175
28,1279309540,1282301416,2321357859.239833
29,1282301417,1320105344,1883274937.3331628
30,1320105345,1329985158,2464101374.1626253
31,1329985159,1340116268,3056291580.957071
32,1340116269,1355732459,3977564529.3145685
33,1355732460,1371849385,4997723427.034469
34,1371849386,1802595899,5863964697.357612
35,1802595900,2011644146,5116445972.009414
36,2011644147,2021902033,4273263011.155897
37,2021902034,2029954808,3005946045.427796
38,2029954809,2033886495,1779203515.358554
39,2033886496,2041988185,2383310642.4622874
40,2041988186,2056976282,1756287576.363204
41,2056976283,2057497176,1340397318.958781
