1,1,962405,27764684.23003456
2,962406,7139346,576559559.2295885
3,7139347,20488707,1502645980.9342396
4,20488708,24041283,1988871804.8349416
5,24041284,27749335,2357552072.474881
6,27749336,37689546,2746964873.719489
7,37689547,62925469,3179436071.3552027
8,62925470,100982748,3514255413.2449303
9,100982749,138561856,3403735699.6670365
10,138561857,170661459,3138717645.1365786
11,170661460,205120000,3327032640.324079
12,205120001,278047068,3101710759.768439
13,278047069,302522009,3387355046.638942
14,302522010,412819988,3200108189.4462667
15,412819989,423472153,3681657070.5968
16,423472154,451617767,3963391312.6169977
17,451617768,520788538,3775028911.1208777
18,520788539,564459770,3951761468.88726
19,564459771,667688381,3787219482.44552
20,667688382,709816100,4000030134.9870152
21,709816101,735915338,3756592809.44854
22,735915339,776064437,3872418900.731183
23,776064438,853024407,3664221470.069916
24,853024408,921865466,3838668969.424047
25,921865467,946122997,4020026315.83111
26,946122998,1099437244,3643549780.344038
27,1099437245,1205073335,3814128184.988703
28,1205073336,1339058339,3675620134.009312
29,1339058340,1380492621,3916689466.619102
30,1380492622,1547372748,3719083256.043008
31,1547372749,1600997773,3606563811.630948
32,1600997774,1726903006,3806242372.385374
33,1726903007,1745525872,3597343892.929151
34,1745525873,1790428725,2950002543.12074
35,1790428726,1804723231,3694160859.323735
36,1804723232,1879510123,3468060907.5299745
37,1879510124,1920119679,3653746166.6311817
38,1920119680,1930044335,3821026397.0732408
39,1930044336,1966735785,3103642289.2914567
40,1966735786,2152553675,3177081564.5685897
41,2152553676,2154869360,3276875828.4817367
