1,1,27885475,2303624847.9043436
2,27885476,34864385,2777135538.3604755
3,34864386,45076411,3656466392.9720845
4,45076412,60996139,5319145542.00707
5,60996140,80890594,4566581080.681081
6,80890595,88194704,5102205622.155682
7,88194705,106264593,5647224478.24381
8,106264594,173753283,6313675044.099308
9,173753284,189283750,5768888951.613444
10,189283751,208035846,4613141440.259992
11,208035847,278455419,4305420943.568275
12,278455420,386426168,3668267070.455384
13,386426169,389181986,2655918912.5660987
14,389181987,392411731,1493304709.2005727
15,392411732,393370571,1003180678.88123
16,393370572,457711395,676028308.8237345
17,457711396,502177462,1071384277.0774863
18,502177463,511799186,1574793921.9631166
19,511799187,520459448,2265866142.0273175
20,520459449,532353694,2862191892.452102
21,532353695,551547964,4159609458.3655057
22,551547965,822695406,5385482222.009956
23,822695407,997039308,5574603008.248768
24,997039309,1264705727,5291450390.911512
25,1264705728,1267503770,4217497363.706806
26,1267503771,1271557663,2888396673.1340556
27,1271557664,1273980940,2100303144.9586217
28,1273980941,1275754725,1505014958.2952614
29,1275754726,1318088835,1157816262.7863276
30,1318088836,1324976489,1518787491.9130356
31,1324976490,1344570163,3117443083.195242
32,1344570164,1356138534,3924342460.503999
33,1356138535,1368479348,4834610257.972997
34,1368479349,1378869197,5619340832.629267
35,1378869198,1817683738,6232358307.788479
36,1817683739,2009474073,5770142294.770652
37,2009474074,2011929668,4702769902.892652
38,2011929669,2013506466,4058808007.701782
39,2013506467,2015995817,3030523757.6435533
40,2015995818,2057718198,1108813366.3653677
41,2057718199,2057724887,744980888.374304
