1,1,1176199,27759921.863330133
2,1176200,6944864,334613819.55180866
3,6944865,18222250,1516134715.685773
4,18222251,22662633,1859363648.29286
5,22662634,25687161,2209636859.696741
6,25687162,29001005,2496425819.82241
7,29001006,52978206,2831292636.503148
8,52978207,69627906,3235578616.0618773
9,69627907,101169904,3524355336.803276
10,101169905,142039769,3312924792.933989
11,142039770,286000043,3086481155.4460816
12,286000044,310258191,3375041411.754312
13,310258192,422952092,3122426658.9886155
14,422952093,453441290,3707684403.387992
15,453441291,519558902,3558660917.9176764
16,519558903,564159751,3827024796.599419
17,564159752,671843878,3684146972.860791
18,671843879,699071260,3973999534.467261
19,699071261,807796265,3593304298.87655
20,807796266,850621180,3393613377.787836
21,850621181,946556721,3743035319.0082817
22,946556722,971601211,3658792819.4104753
23,971601212,1024226048,3527000711.2695355
24,1024226049,1107129540,3590556523.1040277
25,1107129541,1131168205,3885479664.555257
26,1131168206,1165220511,3609229914.672536
27,1165220512,1203203565,3771472061.490627
28,1203203566,1286759557,3455377418.193996
29,1286759558,1378856847,3671260510.0016017
30,1378856848,1458006189,3577570429.9035707
31,1458006190,1470469250,3846627210.086958
32,1470469251,1559078554,3556476883.545236
33,1559078555,1597964093,3419567202.4643965
34,1597964094,1732094852,3581895096.614946
35,1732094853,1751246509,3558138769.211093
36,1751246510,1792327404,3210633121.684186
37,1792327405,1811760905,3659480695.6104174
38,1811760906,1928135231,3828186960.0023503
39,1928135232,1968967872,3458167159.7425284
40,1968967873,2152484108,3424297004.6413617
41,2152484109,2154937025,2922321484.1009817
