1,1,26980306,2299251013.2981935
2,26980307,31010424,2704559392.6438675
3,31010425,38480503,3121476209.69352
4,38480504,57878519,5315451554.685538
5,57878520,83436568,4318722549.213113
6,83436569,90557310,5201475532.312289
7,90557311,128925464,5842655608.267651
8,128925465,172485453,6638150334.057866
9,172485454,197409237,5309661676.491944
10,197409238,209114783,4602249987.416123
11,209114784,262491496,4313733286.913467
12,262491497,305149350,4152527677.357157
13,305149351,386409521,3870750993.439347
14,386409522,396166276,2987489777.7025485
15,396166277,403091906,2289325422.521162
16,403091907,447918256,1804491674.4341085
17,447918257,462213208,1191190266.7752872
18,462213209,502069387,1457773135.3203256
19,502069388,515377979,2213392997.790902
20,515377980,529005447,3306429324.207803
21,529005448,535195241,3881315842.2979894
22,535195242,544649191,4263793853.867072
23,544649192,1264225394,4523056295.064131
24,1264225395,1268784647,4550195563.806794
25,1268784648,1276614250,3158787119.0792966
26,1276614251,1278931159,2725319824.521225
27,1278931160,1281987545,2213763464.915229
28,1281987546,1317311611,1837310973.1230989
29,1317311612,1325005951,2185039071.868278
30,1325005952,1335657004,2654731927.7464724
31,1335657005,1352147359,3710492366.193911
32,1352147360,1371323581,5184361230.289079
33,1371323582,1467892425,5851968364.817073
34,1467892426,2008127393,5679738685.201359
35,2008127394,2010910526,5136830541.802965
36,2010910527,2017040540,3882282478.6544156
37,2017040541,2019436655,3441064015.903001
38,2019436656,2021277155,2957532792.8012815
39,2021277156,2025349273,2356020673.2799315
40,2025349274,2057470515,1851765614.6176486
41,2057470516,2057536287,1291981330.6011207
