1,1,2958690,27779498.464965902
2,2958691,7718555,540244401.2142469
3,7718556,21790940,1608125138.2570524
4,21790941,25624526,2165752087.357724
5,25624527,37564335,2570710041.7299023
6,37564336,62460300,3151407405.567894
7,62460301,112028402,3455841639.6338634
8,112028403,141162245,3316673634.08339
9,141162246,275685795,3081976350.847392
10,275685796,313759619,3356944398.023936
11,313759620,413345286,3152048952.8581085
12,413345287,430207475,3582781026.711141
13,430207476,453638053,3915345936.885765
14,453638054,520998486,3653629382.464572
15,520998487,561987768,3901264892.883925
16,561987769,675515610,3416794715.314712
17,675515611,711555006,3525826020.308363
18,711555007,733594607,3216177720.9983745
19,733594608,775251892,3531356444.0852795
20,775251893,864870449,3157268555.3066382
21,864870450,923003729,3498991796.8770485
22,923003730,934149361,4063476404.323146
23,934149362,969164541,3458269231.946725
24,969164542,1007438763,3343923686.0043745
25,1007438764,1106499777,3648443682.093688
26,1106499778,1140513857,3973702590.522146
27,1140513858,1166232403,3769600712.076456
28,1166232404,1206395504,3892262773.6074
29,1206395505,1285834114,3638759565.159712
30,1285834115,1352147293,3735730387.381027
31,1352147294,1367764941,3950268826.7121806
32,1367764942,1546172972,3650731998.510586
33,1546172973,1601846751,3537673961.812395
34,1601846752,1683888892,3818163566.163706
35,1683888893,1734379849,3776034833.270227
36,1734379850,1795836974,3366176835.7529025
37,1795836975,1813371721,3790470204.511644
38,1813371722,1927354419,3956815576.103509
39,1927354420,1963988235,3479220241.701156
40,1963988236,2152550354,3620619741.2183943
41,2152550355,2154930959,3228310621.2007766
