1,1,27576927,2297763920.4962687
2,27576928,32568536,2750180717.8405347
3,32568537,41667024,3319469479.4206543
4,41667025,59079770,5223117556.007436
5,59079771,81512049,4591180115.587249
6,81512050,87497504,5179423096.214372
7,87497505,123850006,5798020723.685793
8,123850007,176649562,6495158964.566482
9,176649563,186776121,5890884461.342915
10,186776122,199404415,5158473710.86845
11,199404416,207941535,4654699735.181044
12,207941536,276237980,4320303298.186108
13,276237981,386422883,3703554721.1891584
14,386422884,389019166,2846935968.4185038
15,389019167,392268074,2096672795.143656
16,392268075,393808223,1384805253.9399729
17,393808224,395172084,1096160232.400244
18,395172085,458410505,811169457.0788397
19,458410506,501040232,1210482108.2233882
20,501040233,512942056,1677885529.194408
21,512942057,528297094,2931353155.5244193
22,528297095,540436375,3730430255.450629
23,540436376,550379642,4504794204.277873
24,550379643,1264823320,5163266773.304718
25,1264823321,1266524288,4792818408.466672
26,1266524289,1269602642,3994403113.4110494
27,1269602643,1273713478,2759718058.9323487
28,1273713479,1276736014,1927771439.0410862
29,1276736015,1319811392,1361040302.6306548
30,1319811393,1333943340,1928823111.4700744
31,1333943341,1344805529,2969511132.7544794
32,1344805530,1350925027,3755747259.0752287
33,1350925028,1358159206,4276660305.807954
34,1358159207,1366402307,4789026043.606238
35,1366402308,1499572274,5696830032.320137
36,1499572275,2008793687,5672377686.637188
37,2008793688,2010988298,4857693487.235752
38,2010988299,2013262609,4073387152.032815
39,2013262610,2015828492,3237058883.9839144
40,2015828493,2019752249,2085721019.5871058
41,2019752250,2057674351,976147788.1133375
