1,1,27423414,2282148312.184405
2,27423415,33215150,2759912324.514139
3,33215151,44818150,3456246910.05057
4,44818151,61796106,5540395737.028278
5,61796107,70513189,3792717499.856416
6,70513190,84549352,4709383570.802675
7,84549353,91640544,5247710522.901701
8,91640545,133032525,5779569252.473181
9,133032526,176128479,6543640337.943766
10,176128480,195926155,5208089184.648059
11,195926156,207549924,4720490021.356552
12,207549925,285298234,4228548791.4105062
13,285298235,388227795,3720305657.1351595
14,388227796,395174716,3001777948.624593
15,395174717,402832694,2293734296.335448
16,402832695,448171583,1755409338.4247503
17,448171584,462616823,1211410279.2516065
18,462616824,499558909,1456727043.602899
19,499558910,506925344,1904030160.2506576
20,506925345,522212589,2718580879.1147375
21,522212590,530604654,3538505375.0407734
22,530604655,537350005,3988210529.7502694
23,537350006,547200127,4442357484.245997
24,547200128,1264675325,5112016075.969634
25,1264675326,1269436654,4448098765.354341
26,1269436655,1274011309,3583926690.6599317
27,1274011310,1278550313,2794964892.995736
28,1278550314,1281041708,2244680181.5780325
29,1281041709,1318936406,1841562580.3398538
30,1318936407,1329896190,2244913272.551851
31,1329896191,1343097764,2989366383.8088956
32,1343097765,1355902746,4139493136.562388
33,1355902747,1370401785,5154451234.429976
34,1370401786,1497086010,5885654158.372478
35,1497086011,2008865329,5606554646.582529
36,2008865330,2012326815,4825566686.415548
37,2012326816,2017379531,3871822740.013069
38,2017379532,2021170600,3028042913.599209
39,2021170601,2024452142,2350577553.9676642
40,2024452143,2057529070,1670441291.4996011
41,2057529071,2057532080,1321380616.0183737
