1,1,26466175,2311515858.0671024
2,26466176,30183491,2650146569.761453
3,30183492,35549463,3011375938.7718415
4,35549464,82025902,4286347743.735747
5,82025903,86710018,5027786581.730317
6,86710019,140238033,5592522732.537184
7,140238034,173194626,6492981600.90639
8,173194627,186601021,5775077598.092819
9,186601022,208781252,4621221738.531536
10,208781253,272006567,4354540029.686141
11,272006568,305606216,4043439501.90364
12,305606217,386729132,3903806043.2385416
13,386729133,397180869,2793533634.247107
14,397180870,402521406,2211411343.133704
15,402521407,447894157,1797134093.245387
16,447894158,464173285,1406662291.706318
17,464173286,503484336,1663667548.6713674
18,503484337,518171230,2499515302.58967
19,518171231,529102724,3724640161.2232184
20,529102725,539603459,4153969602.8850102
21,539603460,548412682,4693065756.452628
22,548412683,810365755,5466648273.781444
23,810365756,975582725,5442251165.6816435
24,975582726,1265516936,5167664045.911158
25,1265516937,1269439810,4517826984.813785
26,1269439811,1273905332,3677812531.5762568
27,1273905333,1281816175,2302677873.212949
28,1281816176,1322713034,1866858046.1609406
29,1322713035,1339718517,3000571206.643927
30,1339718518,1352797895,3883029510.0125403
31,1352797896,1361469447,4645594264.802347
32,1361469448,1371651580,5221488003.008282
33,1371651581,1781266763,6015504271.671534
34,1781266764,2008415162,6032613692.464312
35,2008415163,2014188276,5353361173.174477
36,2014188277,2020111124,4282526573.522272
37,2020111125,2026827356,3341023300.5337486
38,2026827357,2030499802,2618790660.2336903
39,2030499803,2036734822,2214881746.9812827
40,2036734823,2057469532,1783703104.2252145
41,2057469533,2057497674,1301496245.5432558
