1,1,26280812,2162285975.513336
2,26280813,31833193,2634571601.6127267
3,31833194,38853400,3283911248.71001
4,38853401,81640628,4557414800.293599
5,81640629,87146622,5229574097.36389
6,87146623,93944007,5673440083.807771
7,93944008,125364767,5884837370.16599
8,125364768,171781138,6221271570.963409
9,171781139,197206634,5308808240.120728
10,197206635,209253324,4563850562.051267
11,209253325,283386412,4298446533.910403
12,283386413,385140864,3859901887.1085815
13,385140865,386201964,2703230076.790973
14,386201965,387170816,1208080107.2183459
15,387170817,387708320,339398375.6771912
16,387708321,451894360,227400020.45738453
17,451894361,501997654,325147332.0869252
18,501997655,507223462,650579403.0967892
19,507223463,513221383,1104238821.9673865
20,513221384,520577252,1550533087.6065803
21,520577253,531910036,2355761736.0176754
22,531910037,1265202570,3034080638.053786
23,1265202571,1265987993,2520775214.231613
24,1265987994,1266660817,1802030751.0468814
25,1266660818,1267198144,1546808789.467676
26,1267198145,1268207819,874148684.0476378
27,1268207820,1320274777,353252964.4766929
28,1320274778,1331023461,1096206168.1219764
29,1331023462,1340406180,1915457102.8375065
30,1340406181,1350025054,2790216003.416525
31,1350025055,1358760410,3492226162.1682377
32,1358760411,1368266362,4249715919.923056
33,1368266363,1372998468,5006470485.465325
34,1372998469,2008645998,5666274582.275794
35,2008645999,2009075122,5108967317.963535
36,2009075123,2009417907,4502678043.081833
37,2009417908,2010054239,3610190483.9679885
38,2010054240,2010794446,2956622225.0654106
39,2010794447,2011302309,1961804233.2097292
40,2011302310,2012055189,837779595.3762937
41,2012055190,2059163172,233185802.09521744
