1,1,2918897,27743011.3369458
2,2918898,7629626,321319918.34556186
3,7629627,18918446,1514426700.5164287
4,18918447,23361628,1933015474.7736769
5,23361629,27868806,2301004702.114825
6,27868807,37964845,2734006599.641291
7,37964846,62908948,3158755042.2764974
8,62908949,112223242,3490000671.68414
9,112223243,141833624,3395390169.5936365
10,141833625,275746159,3080736875.601836
11,275746160,412670578,3187640779.7542114
12,412670579,430964823,3545839019.5253778
13,430964824,452960423,3883923736.1521096
14,452960424,517416314,3338625583.974036
15,517416315,677140776,3621826491.6121984
16,677140777,707994646,3944508314.834132
17,707994647,799609143,3533157861.89977
18,799609144,850099137,3448256179.833887
19,850099138,962769482,3703482014.859443
20,962769483,1013057575,3551617450.04045
21,1013057576,1102135091,3596849073.048664
22,1102135092,1137307372,3808535097.2627554
23,1137307373,1166436261,3694068010.2356086
24,1166436262,1206860366,3556534909.6389966
25,1206860367,1280417055,3483005113.31718
26,1280417056,1346141844,3660918992.267332
27,1346141845,1364973608,3932411302.152572
28,1364973609,1547608592,3573458551.649012
29,1547608593,1599862455,3383230873.686959
30,1599862456,1733327955,3447186447.193521
31,1733327956,1795900438,3294616694.989102
32,1795900439,1819589165,3353783154.2047496
33,1819589166,1926477395,3713511230.840013
34,1926477396,1966246905,3310732305.390393
35,1966246906,2152623416,3531033156.2376804
36,2152623417,2153578890,2900977895.896765
37,2153578891,2153903525,2410251995.847964
38,2153903526,2154376678,1921527307.7543015
39,2154376679,2154626437,1587695120.4883344
40,2154626438,2154727674,1084706554.2409673
41,2154727675,2154877205,402918297.86412406
