1,1,721237,27739866.77997544
2,721238,7556793,391600459.088069
3,7556794,18900985,1431251244.784292
4,18900986,22259022,1882914984.0521271
5,22259023,25434919,2169570139.770936
6,25434920,41634625,1701674338.9338636
7,41634626,63068627,3141441889.164329
8,63068628,100551606,3219351480.215365
9,100551607,142172925,3054499542.790889
10,142172926,175184256,2731482302.496756
11,175184257,205811049,2875864997.435567
12,205811050,278332259,2913182731.244453
13,278332260,302745276,3391402640.60488
14,302745277,419436940,3199723354.8595047
15,419436941,452374343,3808247954.197905
16,452374344,520847229,3646068153.063004
17,520847230,563888455,3925789957.5216265
18,563888456,671367101,3789317727.48014
19,671367102,702274624,4035332427.5308537
20,702274625,802631210,3692862113.132833
21,802631211,852701799,3557885255.3700604
22,852701800,922109980,3859338989.122584
23,922109981,936945331,4004573107.745705
24,936945332,973282559,3752057448.361587
25,973282560,1008392633,3566732804.603996
26,1008392634,1103562955,3687075104.354137
27,1103562956,1135059629,3964813599.458306
28,1135059630,1166468957,3797395224.080914
29,1166468958,1206933766,3899862384.690733
30,1206933767,1284141553,3558863336.4270816
31,1284141554,1353335904,3701592602.8077455
32,1353335905,1365968410,3939964798.331871
33,1365968411,1546649601,3558907330.889166
34,1546649602,1600927170,3552275375.66072
35,1600927171,1732634392,3788374495.7971954
36,1732634393,1789750727,3365157801.67104
37,1789750728,1812182269,3693732426.568225
38,1812182270,1927647187,3961048965.4980426
39,1927647188,1968070595,3520953044.136947
40,1968070596,2152575084,3700716819.750714
41,2152575085,2158803547,3319889375.069476
