1,1,1476459,27750792.45402188
2,1476460,8350618,387701174.66220486
3,8350619,19652509,1264247081.1836584
4,19652510,23814676,1947248646.5705023
5,23814677,28368136,2382745737.565673
6,28368137,39779393,2830043505.862675
7,39779394,62895025,3178811349.779272
8,62895026,111924586,3555759882.093711
9,111924587,140094644,3377886796.923187
10,140094645,176123570,3156429711.9180136
11,176123571,205260177,3310578619.270819
12,205260178,266503646,3140778812.233111
13,266503647,414690203,3232679772.457176
14,414690204,430513635,3662700671.724188
15,430513636,452674566,3959100800.600473
16,452674567,492976442,3733703775.2844663
17,492976443,674233357,3825865477.747518
18,674233358,715698258,4028227159.063941
19,715698259,737427360,3741362751.465206
20,737427361,776203154,3885856069.4085736
21,776203155,854320968,3608246202.628588
22,854320969,919738097,3864219221.0844727
23,919738098,948847123,3983791588.759135
24,948847124,1039047435,3281439974.162447
25,1039047436,1070268478,3858716548.251844
26,1070268479,1102914506,3213858165.655402
27,1102914507,1207423247,3424056849.6824164
28,1207423248,1287021342,3230258014.458221
29,1287021343,1381530303,3394584181.501259
30,1381530304,1547369965,3713899423.274087
31,1547369966,1602996123,3564806784.747596
32,1602996124,1731773384,3824766957.771874
33,1731773385,1750178881,3626123814.756289
34,1750178882,1794415957,3380816915.5315986
35,1794415958,1819012266,3815896552.540605
36,1819012267,1921756304,4069216886.763636
37,1921756305,1930122229,3850551227.647584
38,1930122230,1967510983,3560323810.668257
39,1967510984,2152655499,3533011378.893504
40,2152655500,2154509870,2907604793.087723
41,2154509871,2154864855,2372180162.1502457
