1,1,27840298,2296599545.414183
2,27840299,33902213,2827542764.757798
3,33902214,43965148,3676940934.120664
4,43965149,61180409,3364180156.712328
5,61180410,79546054,4624399647.864438
6,79546055,85515947,5101485948.362771
7,85515948,92217618,5041837584.84672
8,92217619,125621394,5701575517.145894
9,125621395,176274195,5990294160.347477
10,176274196,189216178,5722865242.928576
11,189216179,202905906,4955374669.116688
12,202905907,209675454,4525380132.217169
13,209675455,285528881,4256905540.497693
14,285528882,387991486,3749891644.606113
15,387991487,397778305,2798617191.296015
16,397778306,403854845,2304255520.697541
17,403854846,448130838,1747761978.9010837
18,448130839,486728434,1191302441.9717178
19,486728435,499050418,1518741229.3314304
20,499050419,509493445,1958854525.6372585
21,509493446,519995722,2931229620.928762
22,519995723,529971843,3424928884.203468
23,529971844,536853777,3931754729.855618
24,536853778,545548952,4391435059.205108
25,545548953,1265382791,4941572352.815682
26,1265382792,1269940217,4360270281.899409
27,1269940218,1274870709,3426592690.0444736
28,1274870710,1277901218,2853830179.5172334
29,1277901219,1280883020,2323764255.765899
30,1280883021,1317549840,1821641273.609565
31,1317549841,1324095666,2130349489.1721172
32,1324095667,1334563987,2675473524.872955
33,1334563988,1353724216,3656147512.8739705
34,1353724217,1368344498,4708307979.666852
35,1368344499,2009816156,5466039773.165895
36,2009816157,2014227728,4524506978.608414
37,2014227729,2017725601,3768769033.4310703
38,2017725602,2021326679,3051975977.0202622
39,2021326680,2024276907,2490068750.403265
40,2024276908,2057350923,1843771386.092285
41,2057350924,2057786495,1383835422.7685518
