1,1,2531327,27768173.770027816
2,2531328,8324335,391428474.6996248
3,8324336,22603840,1608691048.9159818
4,22603841,25701175,2222493955.247792
5,25701176,29339380,2507151620.886598
6,29339381,39642460,2788562183.1197104
7,39642461,64056809,3183127407.513289
8,64056810,101932260,3524769723.9283347
9,101932261,141830419,3306476812.5655227
10,141830420,276820979,2933601223.135621
11,276820980,412706465,3211530097.618216
12,412706466,425615554,3596542365.054452
13,425615555,453440109,3913510940.411173
14,453440110,520023129,3739212397.484296
15,520023130,561526567,3953983347.573689
16,561526568,668096068,3786350196.067488
17,668096069,715732390,4015280454.043498
18,715732391,735568286,3690947953.6789975
19,735568287,775727976,3893648421.686973
20,775727977,854407684,3582218461.897192
21,854407685,922198632,3807750320.510993
22,922198633,947795192,3909987988.7159104
23,947795193,1102587888,3630272770.12771
24,1102587889,1136360260,3990210432.158756
25,1136360261,1207321344,3810646647.925643
26,1207321345,1287812295,3629128012.586582
27,1287812296,1314396558,3923821775.214856
28,1314396559,1336172111,3750873263.469629
29,1336172112,1381003072,3884602715.321815
30,1381003073,1546325070,3259484367.8817525
31,1546325071,1601145004,3191647726.901617
32,1601145005,1731320253,3289922139.503624
33,1731320254,1747377100,3644227305.2542624
34,1747377101,1787861572,3069691107.8022213
35,1787861573,1805871515,3715122464.790864
36,1805871516,1879238741,3512509826.2877493
37,1879238742,1919739966,3519721418.048261
38,1919739967,1929924069,3501516169.2574186
39,1929924070,1967849804,3413164332.280516
40,1967849805,2152576654,3599424579.2689395
41,2152576655,2154882650,3202868451.6264915
