1,1,27187623,2327635620.630543
2,27187624,32124029,2716880283.178622
3,32124030,39817749,3216071005.3719115
4,39817750,62514795,5346260520.104869
5,62514796,76793162,4285639864.541698
6,76793163,87278485,4880847676.881222
7,87278486,95077421,5290223270.864074
8,95077422,128378789,5962579872.811247
9,128378790,174257889,6630486358.127676
10,174257890,196364935,5383871515.359675
11,196364936,207591860,4682293990.371119
12,207591861,279712991,4319433413.403112
13,279712992,387215857,3820163293.208034
14,387215858,396191798,2924180631.0473075
15,396191799,401905899,2278869871.2446012
16,401905900,447914535,1764428596.958465
17,447914536,486692592,1223937210.6578639
18,486692593,496208612,1525197597.385078
19,496208613,511259915,1944483181.8051717
20,511259916,525150129,3034893082.035192
21,525150130,533256111,3649141720.1133404
22,533256112,544677785,4178040381.244991
23,544677786,1264955084,4784852256.833472
24,1264955085,1270595336,4263266120.504839
25,1270595337,1275875994,3248630472.201989
26,1275875995,1279464355,2708898766.9516864
27,1279464356,1282471115,2077614450.0319657
28,1282471116,1317644500,1851358358.457124
29,1317644501,1324340264,2146081718.357376
30,1324340265,1332203287,2656828465.480032
31,1332203288,1342958557,3196892260.983611
32,1342958558,1357837025,4265086827.095789
33,1357837026,1370592476,5296542253.718345
34,1370592477,1500344566,5856915740.050807
35,1500344567,2009631673,5560735801.252877
36,2009631674,2013209551,4597537326.233991
37,2013209552,2019637755,3371319132.792689
38,2019637756,2022441253,2743389026.3385406
39,2022441254,2025685319,2101357885.499047
40,2025685320,2057528658,1761986381.0155087
41,2057528659,2057535892,1280727896.1796312
