1,1,27885138,2274329147.4076023
2,27885139,34101680,2798748432.862422
3,34101681,42267862,3435296301.172297
4,42267863,59884759,5402435089.543615
5,59884760,82886379,4596539518.490481
6,82886380,88183144,5248511832.389335
7,88183145,97787986,5511631765.168598
8,97787987,139351669,6367146668.671366
9,139351670,175463176,6430979388.321833
10,175463177,187667317,5766887927.584197
11,187667318,207464442,4692247719.732294
12,207464443,276909493,4275602376.931005
13,276909494,319023766,4120244030.418885
14,319023767,387416901,3749646540.197583
15,387416902,392141722,2755251497.6588073
16,392141723,396292671,2041442864.21465
17,396292672,398648833,1591680491.3429382
18,398648834,447923349,1345000990.3831763
19,447923350,461257471,1125122155.4423277
20,461257472,498250385,1417555474.755318
21,498250386,505102991,1836925262.3744655
22,505102992,511882778,2308674836.8731346
23,511882779,521499299,2757583563.658204
24,521499300,542484971,3674054533.579537
25,542484972,1264961081,4635985412.742839
26,1264961082,1267984702,4694935236.654863
27,1267984703,1270581302,4197908947.7629833
28,1270581303,1275277175,3420985249.5396266
29,1275277176,1281362607,2346911706.41825
30,1281362608,1317213421,1763784102.760209
31,1317213422,1332998922,2295460872.900962
32,1332998923,1347578853,3582688684.0478377
33,1347578854,1357305351,4244418424.222118
34,1357305352,1366820923,4853442108.684578
35,1366820924,2008364910,5319942306.374657
36,2008364911,2010820997,5207537382.3841715
37,2010820998,2012887866,4747594726.331212
38,2012887867,2015925519,4168886607.554889
39,2015925520,2018384076,3661873293.867361
40,2018384077,2023755643,2474392843.2847347
41,2023755644,2057615883,1385996216.1717236
