1,1,25698359,2298430480.3325596
2,25698360,30202254,2642868784.621228
3,30202255,34710475,3034226397.994496
4,34710476,43479633,3680910390.103917
5,43479634,62339875,5407216109.449185
6,62339876,80217084,3784112497.0257034
7,80217085,87841587,4938750919.094467
8,87841588,98994948,5130950199.079149
9,98994949,175654439,6213647680.770516
10,175654440,198332426,5297287890.13241
11,198332427,207286611,4692859092.895833
12,207286612,265337307,4324446758.795224
13,265337308,318687167,4139030371.7022247
14,318687168,387383327,3724009780.288304
15,387383328,394113382,2686120771.1515985
16,394113383,397886875,2016062372.0707226
17,397886876,400046454,1726223759.9936073
18,400046455,447921874,1434385859.5531433
19,447921875,462642110,1287984254.8984053
20,462642111,491118118,1490289451.8705788
21,491118119,497529138,1682808606.8346448
22,497529139,522300523,2836838002.328855
23,522300524,535106250,3737410005.081529
24,535106251,542507769,4327831308.930212
25,542507770,550727379,4808571906.795702
26,550727380,773362889,5310831175.389376
27,773362890,1264756956,4553501775.811281
28,1264756957,1268152985,4690064358.812902
29,1268152986,1277768739,2927777560.502284
30,1277768740,1282536740,2110755985.5511105
31,1282536741,1320979519,1766519166.1190062
32,1320979520,1332849473,2498020679.2631702
33,1332849474,1341177048,3169494205.518239
34,1341177049,1350258192,3756770637.9357495
35,1350258193,1640386198,5349794386.361216
36,1640386199,2008134327,5603879889.112748
37,2008134328,2011229741,5141557907.550281
38,2011229742,2015310489,4380840062.645942
39,2015310490,2024691532,2376844609.9751263
40,2024691533,2057527969,1697987128.7878025
41,2057527970,2057581683,1314463462.5853052
