1,1,28068498,2309432055.264316
2,28068499,39296367,2806189193.167136
3,39296368,59346344,5286590039.223904
4,59346345,79853492,4268782254.141615
5,79853493,87368151,4868322572.512302
6,87368152,94478696,5522389210.6105385
7,94478697,129251393,6017561634.781909
8,129251394,173764231,6604295999.17214
9,173764232,194859868,5394664645.989407
10,194859869,207894219,4503731689.642457
11,207894220,276266778,4310220490.875437
12,276266779,387030211,3835069309.62372
13,387030212,396173875,2998400560.3853016
14,396173876,403297237,2274497892.003966
15,403297238,448286609,1792540436.3409219
16,448286610,463827125,1384878553.6163778
17,463827126,491567516,1608882125.2465162
18,491567517,505164039,1796226005.232864
19,505164040,522196232,2990642328.0644264
20,522196233,542942229,4059131012.680404
21,542942230,552063709,4908032728.164348
22,552063710,794687979,5527871657.454319
23,794687980,1002001242,5296970741.853394
24,1002001243,1264433720,5241936576.5013075
25,1264433721,1271086035,4210657968.5057583
26,1271086036,1274417096,3686731768.3313994
27,1274417097,1278468519,2928352902.3920517
28,1278468520,1316524809,1918063707.116194
29,1316524810,1326942216,2123351635.8972127
30,1326942217,1345610617,3429905973.783829
31,1345610618,1367497545,4864915839.465374
32,1367497546,1375763880,5711328573.692309
33,1375763881,1781382554,5105546963.619782
34,1781382555,1998190687,5091123284.374048
35,1998190688,2013645698,5213235986.969634
36,2013645699,2017511708,5088814718.879398
37,2017511709,2021962326,4452365577.828926
38,2021962327,2030286152,2358374944.2253866
39,2030286153,2044083254,1764910659.8104992
40,2044083255,2057466959,1756017417.0616345
41,2057466960,2057524251,1317269637.7628126
