1,1,1500091,27734172.60428574
2,1500092,7240142,363268586.3556152
3,7240143,21851411,1613545542.530616
4,21851412,26180017,2138639509.220813
5,26180018,36893883,2562976807.4380703
6,36893884,63289235,3160779994.283111
7,63289236,104562176,3491510904.5771947
8,104562177,140814684,3347679568.336415
9,140814685,277469074,3084113835.726658
10,277469075,303007059,3365344360.255895
11,303007060,419314650,3181354780.2781067
12,419314651,453003962,3838389271.4066553
13,453003963,519156487,3680594277.001636
14,519156488,675835636,3760851708.3329487
15,675835637,710737931,4085290571.880477
16,710737932,802423372,3648187528.279328
17,802423373,853862010,3530739722.487612
18,853862011,949276186,3816663744.753493
19,949276187,968545624,3750971871.527197
20,968545625,1007388906,3567391316.547531
21,1007388907,1106469424,3658690881.614258
22,1106469425,1134533353,3983551254.437986
23,1134533354,1166068839,3784292280.9464393
24,1166068840,1205142238,3910490333.876713
25,1205142239,1250523944,3728100828.029167
26,1250523945,1283855339,3627773412.106521
27,1283855340,1380332945,3710589858.639887
28,1380332946,1410909820,3758625316.388092
29,1410909821,1440138809,3612899269.339552
30,1440138810,1480127708,3811574941.90894
31,1480127709,1553095656,3677264432.831679
32,1553095657,1600065336,3529921185.9728622
33,1600065337,1730324205,3743532535.148425
34,1730324206,1749397155,3526405611.6420465
35,1749397156,1793912695,3362050323.978801
36,1793912696,1819677359,3747833910.284123
37,1819677360,1928105606,3889042327.8418913
38,1928105607,1966938182,3460506464.11314
39,1966938183,2152309813,3658234186.3107634
40,2152309814,2154480576,3041725290.134512
41,2154480577,2154936774,2516505197.063404
