1,1,26875027,2299566110.301636
2,26875028,31160996,2685247317.704014
3,31160997,36650310,3114654319.7531147
4,36650311,43691205,3800154224.5297112
5,43691206,82332851,4489089890.60138
6,82332852,86029651,5089592880.205707
7,86029652,93176163,5015255289.025865
8,93176164,139368394,5574531210.38966
9,139368395,175559238,6524439852.468271
10,175559239,197737890,5289311059.295212
11,197737891,209197628,4535608904.353338
12,209197629,274753853,4294077128.459777
13,274753854,317587818,4136395975.6417704
14,317587819,386647566,3735632781.9280086
15,386647567,392232606,2280362357.595834
16,392232607,394452608,1679610080.7016351
17,394452609,395935030,1350587296.6029878
18,395935031,461415828,894659607.6394007
19,461415829,501746521,1411377574.3075469
20,501746522,507826495,1865914966.4555347
21,507826496,518234065,2353848243.1567864
22,518234066,547016878,4085763949.438882
23,547016879,823166517,5088645156.010346
24,823166518,1265490272,5174399458.495796
25,1265490273,1267858547,4549844990.742331
26,1267858548,1270119289,4085186057.6283536
27,1270119290,1273648379,3234438501.343483
28,1273648380,1318154434,1557739734.0185792
29,1318154435,1326693034,1948520364.4986894
30,1326693035,1335396771,2575886539.198175
31,1335396772,1347557566,3201713020.0449276
32,1347557567,1371100967,5185162456.650242
33,1371100968,1472446589,5164344283.184934
34,1472446590,1677792779,5173123872.902377
35,1677792780,2007846351,5068691124.550785
36,2007846352,2009662273,5413908405.810321
37,2009662274,2011136135,5033959675.711873
38,2011136136,2013475990,4484343110.16131
39,2013475991,2020092268,2608461005.055504
40,2020092269,2023036085,1872727432.499936
41,2023036086,2057612422,1157969662.1167054
