1,1,1471565,27774092.86320562
2,1471566,6896702,460939630.2746653
3,6896703,21860589,1607160525.731951
4,21860590,25629697,2133814564.864536
5,25629698,35992088,2519074036.4590373
6,35992089,62255990,3123799505.250648
7,62255991,101231713,3451278457.8325176
8,101231714,139327324,3329460653.4190674
9,139327325,279550373,3096069163.5565867
10,279550374,302666248,3411752741.7153907
11,302666249,420503043,3205433351.423726
12,420503044,450800442,3907519617.589624
13,450800443,518861132,3665667801.180144
14,518861133,676688801,3508765185.0794616
15,676688802,699838019,4076379079.037391
16,699838020,802631568,3285365417.9861064
17,802631569,853383602,3176829412.7331414
18,853383603,923757975,3325003303.7630315
19,923757976,940365634,3992902919.731669
20,940365635,971245642,3458373253.9664984
21,971245643,1011951410,3285310440.4534616
22,1011951411,1106245248,3651280552.948943
23,1106245249,1142266465,3954732804.212989
24,1142266466,1165027692,3657889350.6622
25,1165027693,1205101695,3882704543.2772894
26,1205101696,1254212033,3684864838.7522464
27,1254212034,1280316578,3578018466.5010304
28,1280316579,1352389259,3685005776.7926536
29,1352389260,1363902567,3799881815.574055
30,1363902568,1551654571,3477412491.4241204
31,1551654572,1596171828,3468263274.379847
32,1596171829,1731477842,3744992899.531178
33,1731477843,1749801883,3530058547.643192
34,1749801884,1790008375,3353956072.247809
35,1790008376,1820346059,3764530990.879811
36,1820346060,1925958537,3932380240.395019
37,1925958538,1965530158,3407185248.383655
38,1965530159,2152854595,3436944523.235489
39,2152854596,2154343748,2478320750.651673
40,2154343749,2154745651,1855930061.2447925
41,2154745652,2154937074,1420507878.4122195
