1,1,2266003,27749344.81371551
2,2266004,7520696,391064192.7175716
3,7520697,19829424,1592695311.2242932
4,19829425,23937275,1961852796.75746
5,23937276,27803406,2336053668.262142
6,27803407,37111386,2719144188.2691174
7,37111387,62607377,3146294766.900217
8,62607378,100928354,3497911777.4376426
9,100928355,141300105,3363351070.9260144
10,141300106,277433693,3079879594.2483563
11,277433694,311935715,3319511391.1321087
12,311935716,412222227,3122310345.089436
13,412222228,418945128,3478436092.590021
14,418945129,453638285,3815439798.595616
15,453638286,519412936,3605064529.538349
16,519412937,561578111,3902421888.0664234
17,561578112,671321351,3753096209.779312
18,671321352,711383617,3988509128.3012815
19,711383618,802564255,3605222171.7124224
20,802564256,852046103,3526931066.856259
21,852046104,920601193,3798464852.950116
22,920601194,943396647,3969248149.4303102
23,943396648,976235025,3713272066.314681
24,976235026,1010380130,3544134506.5856586
25,1010380131,1101940286,3691401539.381608
26,1101940287,1133770162,3888305530.307069
27,1133770163,1166089114,3619156998.983597
28,1166089115,1205275693,3913921554.77422
29,1205275694,1286378495,3623628819.286827
30,1286378496,1344776789,3726485826.619344
31,1344776790,1365261822,3918821495.448121
32,1365261823,1545533830,3619883484.235367
33,1545533831,1602292664,3539045704.443602
34,1602292665,1729883205,3774245801.890987
35,1729883206,1749300077,3560543942.4625173
36,1749300078,1794709840,3000680345.221069
37,1794709841,1820669492,3528052901.6233587
38,1820669493,1927863508,3410681846.01744
39,1927863509,1965657416,3121784909.4187107
40,1965657417,2152507103,3194925248.896716
41,2152507104,2154935476,2917216513.724681
