1,1,1320255,27777160.39779027
2,1320256,7308174,420577566.1048999
3,7308175,21331284,1542759699.684416
4,21331285,25314021,2094983900.5108285
5,25314022,28367393,2494320009.809861
6,28367394,37238650,2770523715.0597386
7,37238651,62928150,3124057799.327787
8,62928151,102017481,3517610808.74387
9,102017482,141588746,3374084410.6618924
10,141588747,275929602,3077517700.3599267
11,275929603,311290169,3356032108.334115
12,311290170,411122768,3216923142.025439
13,411122769,430641389,3561507437.795564
14,430641390,452004180,3906459099.42993
15,452004181,497627403,3603509976.751369
16,497627404,675984447,3768461224.401919
17,675984448,714904784,4003525654.9760833
18,714904785,734486862,3697238707.0590487
19,734486863,775872919,3857774486.9729614
20,775872920,846912205,3524264502.967163
21,846912206,921384435,3830309768.247081
22,921384436,948222927,3967401729.763734
23,948222928,968947528,3800434534.372168
24,968947529,1008788879,3600368852.6726527
25,1008788880,1102719497,3679389335.547299
26,1102719498,1142123686,3973354562.3739295
27,1142123687,1166394663,3806657894.3391294
28,1166394664,1205164662,3967730863.586236
29,1205164663,1336744895,3677690595.169725
30,1336744896,1380447151,3905754898.272911
31,1380447152,1546471220,3593862608.600408
32,1546471221,1603212749,3572853643.986533
33,1603212750,1684689108,3777567619.041055
34,1684689109,1731960281,3804094638.516567
35,1731960282,1751154689,3639989557.9362144
36,1751154690,1788461109,3374223435.963331
37,1788461110,1810090076,3699863917.6675816
38,1810090077,1928290644,3970878276.699278
39,1928290645,1966894012,3552980250.095587
40,1966894013,2152285834,3698994287.950932
41,2152285835,2154882090,3256631792.6397204
