1,1,26750756,2296371352.7167363
2,26750757,33013191,2717504972.92757
3,33013192,39964273,3300941845.61905
4,39964274,49291811,4267587946.170457
5,49291812,60817513,5480668157.603505
6,60817514,83477027,4182352931.372075
7,83477028,127257439,5169706500.952747
8,127257440,178025564,5981497091.566033
9,178025565,197765099,5227972633.8615
10,197765100,209162937,4609556772.123215
11,209162938,285891593,4265707032.779255
12,285891594,385645929,3492682440.8046055
13,385645930,387355372,2224072807.386495
14,387355373,388646960,1050085178.7746706
15,388646961,389418804,479307909.5488395
16,389418805,453249038,365340107.7390603
17,453249039,504282856,495752927.0230696
18,504282857,515766898,1179483800.3505208
19,515766899,528364326,2242013589.44695
20,528364327,536806320,3156538555.7630687
21,536806321,544964367,3928743374.885253
22,544964368,1265176916,4362101468.823486
23,1265176917,1266488355,3383085454.664042
24,1266488356,1267578937,2606715087.644403
25,1267578938,1268436034,1961882698.9385815
26,1268436035,1269609415,1048652947.9539107
27,1269609416,1320569004,547075578.212592
28,1320569005,1331685379,1164415341.3043187
29,1331685380,1343171472,2171568410.8934565
30,1343171473,1353880889,3156570952.708832
31,1353880890,1364768402,4063052670.6131005
32,1364768403,1378224060,4967646009.901851
33,1378224061,1721488592,5844906716.079752
34,1721488593,2008260633,5749859623.760063
35,2008260634,2009280757,5257403201.864669
36,2009280758,2010021800,4380946325.730462
37,2010021801,2011248414,3176460470.107673
38,2011248415,2011803596,2470207102.6317835
39,2011803597,2012738786,1691328300.3105812
40,2012738787,2013443881,938582248.2220995
41,2013443882,2058338748,378789844.766182
