1,1,26138095,2166905784.1907477
2,26138096,31033148,2612337211.0979567
3,31033149,42184816,3105570040.336063
4,42184817,85455101,4598439174.764072
5,85455102,91064326,5467340036.892098
6,91064327,107418428,5912913694.668426
7,107418429,172329513,6387694913.202704
8,172329514,195358832,5424196869.014697
9,195358833,208521364,4569438717.608532
10,208521365,279410931,4317613471.162038
11,279410932,326406802,4145258528.8056917
12,326406803,385294242,3792907553.723139
13,385294243,386513490,2105765015.6248684
14,386513491,387077758,1113339078.4503944
15,387077759,387448678,735968177.8764987
16,387448679,387854025,420868405.9144625
17,387854026,450803804,231770063.73149717
18,450803805,501943356,329679663.0903543
19,501943357,507071904,631061245.1928346
20,507071905,513264211,1070558825.328982
21,513264212,521389280,1544031762.5288582
22,521389281,532601500,2701736679.2271805
23,532601501,1265381791,2919407327.3168845
24,1265381792,1266467318,2068133820.5371282
25,1266467319,1267280213,1464867859.8344696
26,1267280214,1268286712,816152912.003393
27,1268286713,1319550376,351442792.3821581
28,1319550377,1325621363,937549182.7089373
29,1325621364,1337759672,1600433785.5972717
30,1337759673,1345796421,2425191270.9073114
31,1345796422,1352031056,3017199086.2598042
32,1352031057,1358726303,3630233285.498744
33,1358726304,1366170881,4189769304.918824
34,1366170882,1373587897,4822719158.434586
35,1373587898,2008693354,5544833710.059826
36,2008693355,2009222296,4853169401.971012
37,2009222297,2009830905,3991823045.9045606
38,2009830906,2010496683,2953199428.839635
39,2010496684,2011379564,1811542234.0815578
40,2011379565,2011871352,913548458.300626
41,2011871353,2059191363,240787028.24773195
