1,1,29198456,2326685428.9493513
2,29198457,35467941,2907358498.7388024
3,35467942,44755392,3658344223.1980314
4,44755393,87114271,4357538482.306766
5,87114272,94332390,5587145657.597544
6,94332391,125102968,6051604284.062817
7,125102969,175832167,6016522749.113334
8,175832168,193290318,5526879528.701359
9,193290319,206579953,4657964992.742194
10,206579954,285907222,4193155825.24444
11,285907223,385499474,3954794433.282599
12,385499475,386909784,3405960767.5717916
13,386909785,388234259,2714285714.285713
14,388234260,390501331,1641944838.248541
15,390501332,391937257,841010992.2289495
16,391937258,456502981,568605149.4144857
17,456502982,503153398,774891475.3025323
18,503153399,515743988,1411575119.8987105
19,515743989,531133141,2803098506.396257
20,531133142,544741823,3862057180.312103
21,544741824,551812023,4737740867.0388
22,551812024,1265056603,5182893558.551927
23,1265056604,1266467208,4540061486.6123085
24,1266467209,1267750300,3996513599.877644
25,1267750301,1269508795,3347972092.224039
26,1269508796,1271562272,2421815207.6662216
27,1271562273,1273895619,1423363162.7518578
28,1273895620,1316879606,942666346.0561806
29,1316879607,1325929431,1489070752.9627316
30,1325929432,1332371972,1978994976.7081938
31,1332371973,1340239675,2478902888.447216
32,1340239676,1352499535,3127751578.3221893
33,1352499536,1367711461,4220959251.45236
34,1367711462,1620118090,5638408567.130813
35,1620118091,2008467141,5696258868.861242
36,2008467142,2009927141,4913544929.610219
37,2009927142,2011913360,3926132524.929926
38,2011913361,2014590202,2672469334.42861
39,2014590203,2015981890,1910836581.7150664
40,2015981891,2017366905,1101437635.396774
41,2017366906,2057868589,676637179.973667
