1,1,27063042,2156022859.2563434
2,27063043,32135559,2711283147.99481
3,32135560,38514317,3216908985.4414186
4,38514318,58103235,3367439693.265818
5,58103236,60784711,5844323958.826251
6,60784712,85754491,4397939478.343926
7,85754492,89660276,5238012512.87322
8,89660277,138584874,5812455855.423144
9,138584875,174200993,6519921951.8190155
10,174200994,199741295,5186023008.792106
11,199741296,210184328,4323897881.353544
12,210184329,276606183,4348417902.485172
13,276606184,319929603,4116140709.3728156
14,319929604,387132085,3845185807.4646235
15,387132086,395974547,2616075182.4329157
16,395974548,400872073,1927681478.2070081
17,400872074,447918683,1563161750.845583
18,447918684,463253494,1333860400.1986494
19,463253495,499187630,1516731280.685837
20,499187631,505910160,1925900562.578376
21,505910161,512988202,2376093912.978508
22,512988203,522854376,2969456431.056101
23,522854377,542545066,4011566415.682933
24,542545067,826546914,5136409643.871116
25,826546915,1265449214,5111617173.561875
26,1265449215,1269785316,4400036032.473422
27,1269785317,1272886365,3865712384.422382
28,1272886366,1277708259,2884498245.4134917
29,1277708260,1324352266,1849785780.8781419
30,1324352267,1342493530,3121170072.756006
31,1342493531,1356349382,4198137071.4959974
32,1356349383,1363106718,4788089042.56531
33,1363106719,1371008945,5289298723.44331
34,1371008946,1659188500,5934962767.0161495
35,1659188501,2006913189,5778636943.166709
36,2006913190,2011884378,5021007454.971684
37,2011884379,2016446798,4003442971.441352
38,2016446799,2018736261,3538165266.175608
39,2018736262,2021091143,3100534217.664414
40,2021091144,2025586260,2286707445.3857856
41,2025586261,2057552411,1408579624.8641076
