1,1,281184,27764965.73036521
2,281185,7446391,362614786.0476519
3,7446392,21367469,1514366991.5087645
4,21367470,24985481,2077236997.933104
5,24985482,37612753,2436991730.059041
6,37612754,62869384,3100597869.9294314
7,62869385,102128106,3496028057.720521
8,102128107,140765017,3368481638.7656
9,140765018,173989611,3139545091.6772966
10,173989612,203536099,3266682042.999465
11,203536100,277358207,3122657703.577852
12,277358208,302745321,3375257992.883758
13,302745322,417870773,3174967898.5985246
14,417870774,450312770,3901664701.022196
15,450312771,518945937,3688803774.278612
16,518945938,675307141,3768643784.129206
17,675307142,715441867,3966143509.009548
18,715441868,731162164,3695351024.5583887
19,731162165,798698550,3792346411.414959
20,798698551,851644305,3538652289.1722
21,851644306,948197941,3837631885.487652
22,948197942,971573657,3690607762.503889
23,971573658,1008476052,3576358811.108133
24,1008476053,1106766917,3699354069.8019457
25,1106766918,1131975136,3975633960.4939966
26,1131975137,1165421867,3766024037.4224
27,1165421868,1205157053,3911820921.220861
28,1205157054,1248388171,3751463937.561828
29,1248388172,1281579497,3635363461.055562
30,1281579498,1352485951,3742394751.176265
31,1352485952,1363925516,3968086881.3420544
32,1363925517,1420902474,3761048821.266132
33,1420902475,1439239356,3595370530.363756
34,1439239357,1546143665,3672263606.2889457
35,1546143666,1595719061,3546319736.876364
36,1595719062,1734372426,3777837883.224776
37,1734372427,1797571161,3421472234.504235
38,1797571162,1920258563,3546307853.83945
39,1920258564,1959226887,3081292484.5048385
40,1959226888,2152598467,3325930067.8453565
41,2152598468,2154933958,2666984120.562023
