1,1,26627830,2313473389.6750283
2,26627831,33250435,2735708480.3682795
3,33250436,39999781,3421115448.4126225
4,39999782,49782247,4333200951.252276
5,49782248,87882057,4598125607.549118
6,87882058,113957820,5549447067.344613
7,113957821,178370852,5961581953.259843
8,178370853,195330159,5424253191.353302
9,195330160,208687585,4613847269.57472
10,208687586,286535196,4241373724.203353
11,286535197,386228073,3557130025.860803
12,386228074,388024374,2529552245.2905087
13,388024375,389767344,1310967683.8231263
14,389767345,390434732,767898647.5303239
15,390434733,454967749,445168382.08277816
16,454967750,503618248,677885379.1787995
17,503618249,514503589,1235919060.5901957
18,514503590,525670660,2215914379.833506
19,525670661,532768349,2997528578.124698
20,532768350,542428831,3632298837.792797
21,542428832,552909617,4506530939.316943
22,552909618,813462445,5184494170.001919
23,813462446,1264745462,5147474591.632131
24,1264745463,1266251213,4194478098.5375366
25,1266251214,1268147291,3266980399.269757
26,1268147292,1269461825,2386396551.9923434
27,1269461826,1270925302,1693646663.49046
28,1270925303,1271855916,1112759015.3589683
29,1271855917,1320207267,745218984.5334269
30,1320207268,1329707032,1519686595.025253
31,1329707033,1341123888,2271734307.1710725
32,1341123889,1353091349,3203532225.243361
33,1353091350,1360227500,4160680800.134485
34,1360227501,1370687841,4748182353.718782
35,1370687842,1712337452,5757196199.960611
36,1712337453,2008382711,5643664509.158512
37,2008382712,2010509866,4284809884.5637984
38,2010509867,2012187148,3060160958.6577754
39,2012187149,2013595441,2333225900.117857
40,2013595442,2014556104,1620807049.1244473
41,2014556105,2058032584,518755642.41474414
