1,1,2432641,27739595.85111617
2,2432642,7554548,464733750.8935697
3,7554549,21641788,1581187685.9397736
4,21641789,26149998,2131767181.158971
5,26149999,37897817,2554655446.9781003
6,37897818,62880104,3122145656.925867
7,62880105,101403154,3508567036.821725
8,101403155,142672028,3337609989.9006286
9,142672029,175860801,3103631806.292142
10,175860802,206154645,3266812590.71294
11,206154646,277002546,3099629518.1075926
12,277002547,302788469,3353599787.2182465
13,302788470,421057332,3039608706.7040963
14,421057333,453376224,3912729037.884228
15,453376225,519316021,3669811120.709972
16,519316022,675608481,3663273225.033817
17,675608482,716172360,3977453937.941496
18,716172361,736074630,3515265669.373974
19,736074631,798916721,3697571298.774204
20,798916722,856253573,3558792554.501491
21,856253574,947933611,3795402854.892489
22,947933612,968639183,3721774283.985788
23,968639184,1007163366,3428667741.6273828
24,1007163367,1103743089,3694437755.862868
25,1103743090,1136503379,3969980998.1100616
26,1136503380,1165589959,3676248014.895645
27,1165589960,1205364136,3907584441.65413
28,1205364137,1248887387,3764168057.5634913
29,1248887388,1281142900,3641870141.001887
30,1281142901,1345905127,3708141751.273204
31,1345905128,1364396367,3936982847.3164806
32,1364396368,1414125718,3745066126.6541567
33,1414125719,1438872565,3525217192.6474686
34,1438872566,1546260018,3619217501.099893
35,1546260019,1602565994,3440825141.3954954
36,1602565995,1683005366,3826107561.5348806
37,1683005367,1731825473,3812614474.63908
38,1731825474,1802023583,3371539308.8801146
39,1802023584,1926702274,3974060581.7247615
40,1926702275,1963267495,3476227683.2887483
41,1963267496,2154571388,3388497427.0163827
