1,1,28325255,2160168094.5264125
2,28325256,34254105,2873630332.912625
3,34254106,45767879,3766407471.567551
4,45767880,61044512,5344741206.725935
5,61044513,76040948,3843702297.214216
6,76040949,83557871,4935433715.685661
7,83557872,91106053,5312455988.10038
8,91106054,125297999,6190656068.259778
9,125298000,177156772,6272373508.681314
10,177156773,192055023,5567153802.927122
11,192055024,207734269,4707345513.752747
12,207734270,280929555,4306706226.751581
13,280929556,386802824,3558906919.480676
14,386802825,388495797,2371602643.307668
15,388495798,391146162,1338048800.5741937
16,391146163,392113558,792081632.9356909
17,392113559,456427805,562038705.1618292
18,456427806,503461203,843700773.5578477
19,503461204,516333913,1421213500.3490577
20,516333914,534569680,2720188013.44061
21,534569681,551539333,4310269668.568735
22,551539334,820373090,4893472275.093924
23,820373091,1265312690,4930330795.910591
24,1265312691,1267800364,3976608026.226054
25,1267800365,1269483054,3209756848.6409783
26,1269483055,1271818921,2256832494.1799917
27,1271818922,1273924170,1280709034.437979
28,1273924171,1318750603,954008672.1522392
29,1318750604,1330003427,1629703321.9774857
30,1330003428,1341886699,2596501279.35073
31,1341886700,1353219783,3314130257.270145
32,1353219784,1365221535,4253335218.0182614
33,1365221536,1374846874,5292268993.961451
34,1374846875,1756844554,5971695513.435571
35,1756844555,2008891530,5646575885.899795
36,2008891531,2010077816,5017844803.890072
37,2010077817,2011650562,4296987087.659624
38,2011650563,2012825621,3504585561.723022
39,2012825622,2014580569,2590152264.126064
40,2014580570,2016716739,1599438202.9682083
41,2016716740,2057862404,644769494.3791701
