1,1,1176493,27779761.91711132
2,1176494,8223032,347315825.3958007
3,8223033,22737220,1647803025.0509934
4,22737221,27497028,2227130969.2836423
5,27497029,38485289,2686869715.341696
6,38485290,61361518,2951932036.805425
7,61361519,106336590,3323232920.953394
8,106336591,141208696,3386718584.151884
9,141208697,278297464,3114896165.735462
10,278297465,311174027,3312547266.132332
11,311174028,412860185,3172981810.0978246
12,412860186,420290655,3542480724.27998
13,420290656,453377189,3902167496.691847
14,453377190,520842877,3694905144.857461
15,520842878,561503786,3922313745.3162823
16,561503787,675159466,3762507307.5392966
17,675159467,703151271,4016383660.3920712
18,703151272,802608664,3678199575.207995
19,802608665,856070384,3472042214.2588425
20,856070385,947992387,3805202229.091852
21,947992388,976040830,3723086789.108109
22,976040831,1007635453,3590891445.267358
23,1007635454,1094680138,3677026120.063315
24,1094680139,1135371666,3905359331.140122
25,1135371667,1165170919,3747063562.3847446
26,1165170920,1204159018,3910736346.7584815
27,1204159019,1248678275,3737185935.092914
28,1248678276,1283417360,3620250876.1373234
29,1283417361,1352471885,3697367759.7793584
30,1352471886,1365067020,3972846704.6234713
31,1365067021,1545290225,3630266752.052361
32,1545290226,1601130639,3512649684.853587
33,1601130640,1625906063,3771245830.451847
34,1625906064,1681301899,3823949894.3644586
35,1681301900,1734165641,3758460623.247808
36,1734165642,1795961264,3371209328.834032
37,1795961265,1819100469,3805467097.3402658
38,1819100470,1927544242,3939572921.4440856
39,1927544243,1963972546,3464486893.463656
40,1963972547,2152596958,3519760764.001396
41,2152596959,2154801577,3211004728.408594
