1,1,2221068,27766618.99000528
2,2221069,8440454,312860299.66215
3,8440455,22698451,1603336842.5091302
4,22698452,27397231,2235923487.281553
5,27397232,38498099,2672617945.893967
6,38498100,63328489,3195372854.599832
7,63328490,101690189,3557583796.455564
8,101690190,141920311,3345627058.5811763
9,141920312,277137496,3088811547.459824
10,277137497,311848057,3005060172.723838
11,311848058,413014607,2786155440.6112094
12,413014608,421321336,3530973339.4253035
13,421321337,453556725,3599070630.0270686
14,453556726,519533383,3302673338.353092
15,519533384,561352736,3525916810.540472
16,561352737,675010005,3479874846.6764936
17,675010006,715685007,3961256659.589186
18,715685008,736831611,3661394008.6618905
19,736831612,775325175,3885697205.115637
20,775325176,851814359,3573699353.198688
21,851814360,922331636,3791384753.9274464
22,922331637,941059896,3954720101.095415
23,941059897,974512377,3727052561.719573
24,974512378,1009715996,3459983636.277198
25,1009715997,1104983479,3681087147.836205
26,1104983480,1136870696,3963643781.489972
27,1136870697,1165621888,3778929148.98216
28,1165621889,1205733166,3933454780.5738153
29,1205733167,1345208876,3638339523.321536
30,1345208877,1365010661,3973588678.078378
31,1365010662,1414496150,3683128049.5440135
32,1414496151,1439785249,3635988276.661112
33,1439785250,1515993143,3715188336.650548
34,1515993144,1602155023,3489031443.9429226
35,1602155024,1684141420,3778680601.842997
36,1684141421,1732082197,3761447809.014615
37,1732082198,1802031350,3356755814.754227
38,1802031351,1928768003,3893317795.818898
39,1928768004,1966138594,3480501752.604339
40,1966138595,2152580122,3671896002.974679
41,2152580123,2154756507,3284710247.221769
