1,1,1622512,27754146.090318684
2,1622513,6677899,327224209.52344936
3,6677900,19652501,1577107030.8351665
4,19652502,23351888,1943698882.752343
5,23351889,27628742,2291487665.246634
6,27628743,36680565,2691380202.487585
7,36680566,63055975,3157854471.5027475
8,63055976,101814716,3525662508.31934
9,101814717,141352164,3367166177.510757
10,141352165,277119192,3069521520.940055
11,277119193,303218762,3366773698.765164
12,303218763,419910471,3209744025.996269
13,419910472,451137590,3869193143.4225984
14,451137591,519854313,3669297313.3005424
15,519854314,676593006,3745317626.887157
16,676593007,714864546,4002520651.240019
17,714864547,802371357,3684544685.445156
18,802371358,855818777,3505969928.694184
19,855818778,921764839,3772078671.340376
20,921764840,940683133,3975033900.59926
21,940683134,968441758,3743685588.2908025
22,968441759,1007971047,3597342041.8015814
23,1007971048,1106296200,3681947466.717769
24,1106296201,1136569524,3964919522.5576086
25,1136569525,1166649059,3738365179.909977
26,1166649060,1204927463,3915802076.554648
27,1204927464,1249019500,3763061475.463033
28,1249019501,1282575754,3622185790.604547
29,1282575755,1352987058,3692610254.947341
30,1352987059,1364887210,3985543085.6159487
31,1364887211,1415379225,3778763537.19098
32,1415379226,1439441250,3622051915.0786543
33,1439441251,1546141687,3685527855.136735
34,1546141688,1602050864,3544247794.610112
35,1602050865,1729915789,3788048255.239924
36,1729915790,1749523951,3598398988.585569
37,1749523952,1798449252,3345541166.766433
38,1798449253,1929137598,3516784326.783036
39,1929137599,1968090354,2981070921.632396
40,1968090355,2152392667,3088593690.2146173
41,2152392668,2154906953,2920562634.650029
