1,1,28143435,2270942171.22524
2,28143436,32580566,2803144780.5009804
3,32580567,42802584,3347504956.5375633
4,42802585,59241426,5447906828.883449
5,59241427,80281642,4519374050.03749
6,80281643,87882302,5001311909.813126
7,87882303,121194444,5489125756.297277
8,121194445,172460558,6579545756.3040495
9,172460559,195271876,5372292643.829172
10,195271877,208094784,4670950173.160347
11,208094785,270213389,4306121442.78626
12,270213390,324571611,3927927096.8659673
13,324571612,386193370,3831747940.292709
14,386193371,397063968,2953271801.3903375
15,397063969,403613805,2266951945.5378504
16,403613806,447926201,1783230947.065762
17,447926202,462057119,1190775134.8761528
18,462057120,497844221,1442027913.8132777
19,497844222,513271257,2029425830.637524
20,513271258,526539254,3073080084.009698
21,526539255,535277209,3758774927.2978296
22,535277210,544682900,4259155852.788433
23,544682901,1265218583,5171153557.591338
24,1265218584,1272047946,3992916098.60712
25,1272047947,1276276852,3144533815.679411
26,1276276853,1278786422,2707227113.948751
27,1278786423,1281596987,2206505925.6877127
28,1281596988,1317004718,1835653054.9392848
29,1317004719,1324257516,2112910293.6822493
30,1324257517,1335079363,2632188721.4121814
31,1335079364,1349388098,3643687400.8562994
32,1349388099,1366293427,4888045663.271248
33,1366293428,1374210509,5514988551.808736
34,1374210510,1457909622,5921623790.478395
35,1457909623,2010153166,5011010043.283644
36,2010153167,2014921990,4060839841.3664317
37,2014921991,2017954927,3706362816.5091887
38,2017954928,2021903689,3027959445.9601836
39,2021903690,2024997053,2376556883.8053255
40,2024997054,2057530221,1694279754.7053227
41,2057530222,2057533314,1337518112.4212432
