1,1,28246677,2273210024.779166
2,28246678,35455110,2816187981.388601
3,35455111,44518154,3680876542.8102403
4,44518155,60124540,5123699649.309401
5,60124541,82424213,4167160369.528678
6,82424214,86629281,5165617330.563082
7,86629282,119539854,5628416010.67902
8,119539855,175317722,6545250967.806367
9,175317723,194460329,5497377218.946007
10,194460330,208503013,4552278293.251169
11,208503014,288198338,4253280393.399606
12,288198339,385928366,3633669836.0206933
13,385928367,387610138,2671325191.074293
14,387610139,389238560,1599003850.4631598
15,389238561,390332687,873491344.4904611
16,390332688,454930228,462876199.24778634
17,454930229,506090260,677729895.5575776
18,506090261,516430150,1478549615.1775308
19,516430151,525499902,2376899674.791062
20,525499903,531108928,2984540111.0952506
21,531108929,540226342,3619042881.6588445
22,540226343,550062052,4552497440.411895
23,550062053,827965800,5266564094.974408
24,827965801,1264653703,5137781540.866349
25,1264653704,1265749723,4480552952.22552
26,1265749724,1268706598,2948815046.2119093
27,1268706599,1270690601,1813888014.1649187
28,1270690602,1271824572,1152204958.6894412
29,1271824573,1320881332,743038903.6162219
30,1320881333,1334521452,1502480565.474443
31,1334521453,1346904293,2632332313.402409
32,1346904294,1357207621,3624067586.7395153
33,1357207622,1366251068,4424247675.238392
34,1366251069,1373459261,5269487652.788344
35,1373459262,1761841743,6000470156.000604
36,1761841744,2008560037,5659928661.177558
37,2008560038,2009853632,4562408096.219678
38,2009853633,2012225840,3045377102.9221945
39,2012225841,2013720550,2198555267.844806
40,2013720551,2015189560,1326707444.45793
41,2015189561,2058030137,519496403.95958155
