1,1,3071974,27698296.311612308
2,3071975,6723387,601288893.2824255
3,6723388,20670521,1493950991.556311
4,20670522,24776756,2048263848.2816596
5,24776757,28640040,2412571740.8433275
6,28640041,50786560,2803056072.8812327
7,50786561,62517121,3217984996.835377
8,62517122,101680011,3479541421.79082
9,101680012,140926790,3364281428.0139794
10,140926791,285826315,3126413657.704876
11,285826316,302638426,3385359135.744296
12,302638427,419137563,3204650753.9426074
13,419137564,452905041,3765628410.8447537
14,452905042,519554227,3659243049.5170326
15,519554228,676042552,3778308810.491098
16,676042553,715706244,3935362877.19924
17,715706245,733642896,3673315701.192338
18,733642897,798352435,3726689832.231007
19,798352436,855731564,3568874091.233377
20,855731565,948280477,3806754778.787016
21,948280478,975849835,3756368051.813184
22,975849836,1006916699,3568072463.366385
23,1006916700,1106144968,3607115879.59715
24,1106144969,1133482167,3954827835.63108
25,1133482168,1163404961,3771543230.082521
26,1163404962,1203917495,3923261082.135619
27,1203917496,1248923809,3745580088.24989
28,1248923810,1283718869,3511079662.647481
29,1283718870,1364814623,3678436073.395567
30,1364814624,1403559229,3281716378.2696867
31,1403559230,1438983523,3196150433.6097507
32,1438983524,1471440558,3810761454.2891183
33,1471440559,1553844398,3293666089.666658
34,1553844399,1605063240,3171692718.7047777
35,1605063241,1731678611,3324123064.960591
36,1731678612,1750161122,3090439828.116189
37,1750161123,1804532858,3069640207.122007
38,1804532859,1928718197,3530001189.5992923
39,1928718198,1966187187,3467621069.32819
40,1966187188,2152679338,3539066453.2538404
41,2152679339,2154936270,2893630051.9971614
