1,1,912305,27766339.31260585
2,912306,7504455,421202988.1009509
3,7504456,19019359,1567156402.68745
4,19019360,23341131,1940703347.8390656
5,23341132,26886169,2263660006.7855725
6,26886170,47992467,2643027673.379653
7,47992468,64629515,2991479228.7221804
8,64629516,101169746,3241313768.9324737
9,101169747,140756818,2967930687.505769
10,140756819,275620036,2832135035.8197446
11,275620037,305010349,2987813115.524402
12,305010350,418957452,3162297983.5548625
13,418957453,453394672,3709357532.5999074
14,453394673,519599755,3689464169.2649946
15,519599756,676470797,3740818244.364768
16,676470798,703748939,4041346948.936393
17,703748940,802111884,3709182173.448963
18,802111885,854428141,3524205052.3613286
19,854428142,948641606,3843565069.382149
20,948641607,974592195,3746617853.573128
21,974592196,1006870167,3571431186.650463
22,1006870168,1107742947,3674956545.0716033
23,1107742948,1135663592,3984534197.3486905
24,1135663593,1164362879,3755309228.4006968
25,1164362880,1205247012,3932094544.609997
26,1205247013,1283677067,3578610578.7036853
27,1283677068,1352441154,3742110371.379887
28,1352441155,1362618964,4001754291.982565
29,1362618965,1418620001,3760980899.663912
30,1418620002,1438985906,3606877334.2022176
31,1438985907,1479664576,3820392054.029649
32,1479664577,1552307575,3668268900.75357
33,1552307576,1599409799,3532848115.5228333
34,1599409800,1731111451,3779718557.720665
35,1731111452,1749581122,3479287649.9046783
36,1749581123,1793448757,3368108103.8442106
37,1793448758,1819790102,3813884238.170003
38,1819790103,1927997427,3895486765.086373
39,1927997428,1967384087,3444673049.8847528
40,1967384088,2151656123,3653261595.4647183
41,2151656124,2154935936,2916049309.752146
