1,1,5769915,27770790.19177985
2,5769916,18901010,1598300933.6151855
3,18901011,22845112,1913607660.216806
4,22845113,25756757,2241569982.994915
5,25756758,36169424,2532361436.259159
6,36169425,62674134,3131577974.216441
7,62674135,101935876,3535246909.8372006
8,101935877,139217648,3394347334.026853
9,139217649,171305012,3124374962.509777
10,171305013,210223472,3283458532.016055
11,210223473,271598121,3114419555.325365
12,271598122,302080088,3402168478.032315
13,302080089,421486775,2724689159.038906
14,421486776,451138873,3868592104.0118194
15,451138874,519353959,3286316717.688418
16,519353960,677343035,3357483575.708473
17,677343036,701532510,4083013543.7841024
18,701532511,802499953,3688237476.170922
19,802499954,848870260,3551117704.0532613
20,848870261,948579432,3852292848.1512847
21,948579433,968941254,3778138029.42099
22,968941255,1006499492,3566954882.195133
23,1006499493,1105943775,3670037070.265897
24,1105943776,1135060191,3962156591.3470616
25,1135060192,1164738356,3681111030.54244
26,1164738357,1204496490,3919497732.106098
27,1204496491,1283961153,3607114374.142129
28,1283961154,1381167604,3730086658.441623
29,1381167605,1412871007,3723033355.0685153
30,1412871008,1441231915,3645089467.544512
31,1441231916,1481033923,3796924719.0142665
32,1481033924,1552294999,3652005988.4340982
33,1552295000,1602163866,3522049080.9344044
34,1602163867,1731458138,3783169528.5782657
35,1731458139,1751092579,3548062299.9806867
36,1751092580,1794776363,3362140152.78926
37,1794776364,1820725078,3799589271.7724032
38,1820725079,1927097506,3919862893.589396
39,1927097507,1963986789,3485889650.960969
40,1963986790,2153143488,3448365169.7731743
41,2153143489,2154937082,2525010432.2976947
