1,1,27153236,2204297793.149899
2,27153237,33942662,2712485455.306808
3,33942663,43884395,3458508033.2718725
4,43884396,59824185,5241868377.386979
5,59824186,81151482,4685025970.569915
6,81151483,86969058,5175292917.570669
7,86969059,124577536,5140709256.25587
8,124577537,175898228,6516585460.608477
9,175898229,197802539,5211797583.575917
10,197802540,209027155,4601421147.527777
11,209027156,275428426,3821133748.52979
12,275428427,388063956,3710577240.0390267
13,388063957,397356742,2829254470.939191
14,397356743,402675336,2293649422.757349
15,402675337,447885813,1978093761.5848558
16,447885814,488765566,1341563292.4020236
17,488765567,498127874,1630111741.582326
18,498127875,514733225,2417252385.854258
19,514733226,530152238,3239498151.7405767
20,530152239,539901025,4058650261.292368
21,539901026,549395836,4653701540.912203
22,549395837,812472561,5245330976.764926
23,812472562,1265106935,5204356533.49339
24,1265106936,1268716208,4600845908.483685
25,1268716209,1274259076,3611568937.662402
26,1274259077,1279397380,2722413083.4890676
27,1279397381,1282059518,2078358594.7680655
28,1282059519,1317531825,1831193721.864937
29,1317531826,1327092368,2202992671.017788
30,1327092369,1335783476,2798555658.16356
31,1335783477,1344122865,3414512303.752195
32,1344122866,1356459613,4025378013.870448
33,1356459614,1371875191,5050169193.422581
34,1371875192,1678850399,6030902418.386943
35,1678850400,2008513131,5719650215.444347
36,2008513132,2011876592,5043342964.796626
37,2011876593,2015172255,4294751431.396806
38,2015172256,2019488778,3390998820.2593036
39,2019488779,2024442673,2419902441.9865155
40,2024442674,2057524432,1632413125.2438157
41,2057524433,2057530842,1226354785.8172646
