1,1,2758325,27742809.149233744
2,2758326,7970432,355210871.0866532
3,7970433,20325064,1570819237.9941928
4,20325065,24047815,1993764896.545266
5,24047816,27984689,2370604741.526251
6,27984690,48493750,2725221534.7485657
7,48493751,63583812,3200633737.6776924
8,63583813,101927932,3534554650.5745354
9,101927933,141492634,3356160503.846914
10,141492635,277944871,3100148794.920285
11,277944872,315667311,3338905162.150015
12,315667312,410884887,3184185507.894563
13,410884888,421598016,3496272017.5253725
14,421598017,451675787,3939495030.7456894
15,451675788,520960462,3701340505.3045454
16,520960463,564041674,3917991728.9634976
17,564041675,675736405,3737193266.593948
18,675736406,704118287,3987524599.4230537
19,704118288,802582806,3681542648.659959
20,802582807,856254268,3537768293.691502
21,856254269,950887451,3819115839.606697
22,950887452,976598128,3669186225.914952
23,976598129,1009917681,3561669663.0217547
24,1009917682,1104594107,3683512249.455309
25,1104594108,1136676403,3973565786.851497
26,1136676404,1163244505,3735453820.614896
27,1163244506,1204865611,3919117923.354393
28,1204865612,1248420977,3741544994.418286
29,1248420978,1281033762,3610729246.3770337
30,1281033763,1351142170,3697744486.5985417
31,1351142171,1365180783,3919316981.679099
32,1365180784,1547000099,3177209109.9939685
33,1547000100,1603617384,3185791460.2621493
34,1603617385,1684791136,3457761654.8723555
35,1684791137,1734432858,3339310733.013331
36,1734432859,1800590100,3179414710.3324504
37,1800590101,1924893452,3854382053.632185
38,1924893453,1961204800,3469029644.471472
39,1961204801,2152112470,3616892228.3075953
40,2152112471,2153534738,3256515920.681662
41,2153534739,2154935307,2470192765.208762
