1,1,25698987,2275367026.455236
2,25698988,30426772,2625844646.458013
3,30426773,35639946,3026690433.1477757
4,35639947,45298822,3682324710.3238673
5,45298823,59683198,5345768028.647998
6,59683199,80604694,4493843028.794858
7,80604695,86992943,5068420782.498636
8,86992944,96409239,5209221054.078372
9,96409240,132953742,5603298878.381351
10,132953743,177372094,6413074758.749893
11,177372095,187342609,5316425791.750564
12,187342610,207751938,4700533749.629334
13,207751939,285430281,4249546469.150653
14,285430282,387096690,3798918741.7667036
15,387096691,394842135,2737432999.9594316
16,394842136,400196071,2004759896.1943715
17,400196072,447917872,1594764018.7401032
18,447917873,490802805,1212719684.8196738
19,490802806,504555644,1611326847.163802
20,504555645,523017810,2464750923.162929
21,523017811,539099245,3888646516.913701
22,539099246,549226107,4613177250.626234
23,549226108,1265191590,5172055592.326613
24,1265191591,1270382392,4310486458.077031
25,1270382393,1275486854,3365728335.042327
26,1275486855,1282119280,2136431792.0806801
27,1282119281,1319972641,1844482523.0618222
28,1319972642,1331815193,2382654895.0615106
29,1331815194,1338948103,3133406630.3106556
30,1338948104,1347107482,3621497461.9989696
31,1347107483,1354188011,4247510403.4359174
32,1354188012,1371030332,5019898918.44982
33,1371030333,1482316849,5976559831.280919
34,1482316850,2007640393,5777547013.977177
35,2007640394,2009699941,5488242663.999066
36,2009699942,2014293345,4689426510.73406
37,2014293346,2017671088,3665826278.6266584
38,2017671089,2021735237,2952361025.4451
39,2021735238,2025516432,2184089674.24423
40,2025516433,2057558009,1754481667.616638
41,2057558010,2057565466,1247583874.1291106
