1,1,27032032,2195955188.74123
2,27032033,33973641,2771906979.411086
3,33973642,42264858,3432813831.484236
4,42264859,62445525,3445902505.713452
5,62445526,84035443,4450208773.852476
6,84035444,88711298,5029875999.81995
7,88711299,94780301,5185024607.03806
8,94780302,128109541,6244568660.269533
9,128109542,177792273,6433288276.810867
10,177792274,195397602,5428748029.5182085
11,195397603,208331353,4588947187.330242
12,208331354,279485644,4311972267.008986
13,279485645,387453264,3762945585.112711
14,387453265,395489081,2812699622.608746
15,395489082,401506543,2084888954.2140493
16,401506544,447905301,1686245035.0721397
17,447905302,463129715,1385160717.2756236
18,463129716,503500366,1646144297.9666884
19,503500367,520196750,2598023143.170417
20,520196751,529463504,3534995964.3028126
21,529463505,544721520,4093315787.5736804
22,544721521,847110437,5211028610.100721
23,847110438,1027032244,5340636775.948383
24,1027032245,1265023683,5251016515.131307
25,1265023684,1267870350,4858004104.038917
26,1267870351,1273401069,3897190912.327822
27,1273401070,1281280659,2608743873.9111056
28,1281280660,1322623199,1879404125.1348567
29,1322623200,1336243091,2648213480.042884
30,1336243092,1350633963,3673471375.4615974
31,1350633964,1361531616,4533442882.722386
32,1361531617,1372968506,5395346359.744393
33,1372968507,1775953893,6125723535.706563
34,1775953894,2008805249,6131266250.864395
35,2008805250,2012424672,5674118229.925162
36,2012424673,2018762943,4771384868.86586
37,2018762944,2026282368,3577431426.5756307
38,2026282369,2030299675,3033778831.262492
39,2030299676,2041974247,2243103113.4752126
40,2041974248,2057390464,1870223127.1485417
41,2057390465,2057496970,1333185365.781256
