1,1,1599460,27725372.86589193
2,1599461,7277477,327903601.66642004
3,7277478,19788546,1557006665.0023575
4,19788547,24010980,1952568058.6489108
5,24010981,27659680,2333816585.5396905
6,27659681,47738223,2737906464.144393
7,47738224,64202072,3146383257.6044707
8,64202073,100763267,3423000162.5880084
9,100763268,141324975,3374509559.782617
10,141324976,278490918,3072449099.9745417
11,278490919,302693535,3394329076.069485
12,302693536,412257866,3207535190.326556
13,412257867,426133197,3511006199.1689115
14,426133198,453081881,3868246961.341495
15,453081882,520850849,3701607921.913574
16,520850850,561541574,3914070222.092849
17,561541575,675569141,3738655864.938671
18,675569142,703264608,4001401807.510341
19,703264609,807268925,3674198056.4982433
20,807268926,843577222,3546278656.399402
21,843577223,917037151,3791339006.988418
22,917037152,946533525,3941063765.6799417
23,946533526,975105586,3705942132.343475
24,975105587,1008346373,3508466008.5347323
25,1008346374,1105434308,3702656237.364295
26,1105434309,1136570560,3868662612.7930846
27,1136570561,1164388379,3767662537.3207183
28,1164388380,1204818592,3908287492.652025
29,1204818593,1286082926,3627754691.378584
30,1286082927,1346101572,3384967152.04636
31,1346101573,1365193199,3913069720.202697
32,1365193200,1546152714,3236734728.918016
33,1546152715,1609443902,3190577780.9192195
34,1609443903,1731109671,3425068338.802548
35,1731109672,1750474275,3563580000.56547
36,1750474276,1794440401,3369675244.984045
37,1794440402,1819530063,3752818564.95705
38,1819530064,1926390488,3931514514.51593
39,1926390489,1962956029,3494023313.8087764
40,1962956030,2152596762,3644026302.283125
41,2152596763,2154937003,2900254803.5377474
