1,1,26868657,2305371326.3462987
2,26868658,32447337,2691150604.0811744
3,32447338,41817536,3282750054.5648894
4,41817537,62231934,5200084283.428885
5,62231935,70086683,3765807979.9909134
6,70086684,82206929,4585954877.7859125
7,82206930,87882435,5167241318.153608
8,87882436,101585981,5921004566.881219
9,101585982,116449186,3859505392.9988446
10,116449187,148706824,3933933591.163961
11,148706825,172159645,6738019755.164778
12,172159646,188678671,5689967369.323514
13,188678672,208042353,4247394885.145857
14,208042354,284875994,4260236269.4635935
15,284875995,388300828,3720888485.00344
16,388300829,395557095,2974248862.7509036
17,395557096,401879931,2402193679.181175
18,401879932,447914726,1821188827.60297
19,447914727,461771841,1197959306.1664608
20,461771842,498218093,1460256414.2963667
21,498218094,508520886,1926208651.9001117
22,508520887,520807435,2733309823.665694
23,520807436,530785264,3417497114.9537263
24,530785265,544524798,3993311985.1218634
25,544524799,1264313038,4461067273.661459
26,1264313039,1269882450,4359757531.380426
27,1269882451,1273813069,3685511618.9611754
28,1273813070,1277145217,3013571274.4794407
29,1277145218,1280812704,2375875775.2020545
30,1280812705,1319040129,1781224974.882263
31,1319040130,1329726285,2244781655.4651895
32,1329726286,1344188574,3137582537.4277725
33,1344188575,1356851405,4055482811.390119
34,1356851406,1367908195,5009856500.92795
35,1367908196,2008388871,5003832286.87382
36,2008388872,2012345758,4919111407.386771
37,2012345759,2015856221,4150477906.2202888
38,2015856222,2020379990,3214543604.8350286
39,2020379991,2025406109,2513561325.9253716
40,2025406110,2057529825,1769490160.2887776
41,2057529826,2057535412,1285142278.2941394
