1,1,1534139,27745652.87682065
2,1534140,7681384,350315800.76517344
3,7681385,21450454,1618659725.1042078
4,21450455,25064756,2089060352.8319404
5,25064757,28400020,2453910113.857872
6,28400021,49132992,2792170551.898568
7,49132993,63851264,3193430324.231939
8,63851265,104850616,3537548940.9179425
9,104850617,141991327,3383957087.551905
10,141991328,174810330,3149474425.304404
11,174810331,206228039,3299848439.106243
12,206228040,275396718,2724716301.4424667
13,275396719,413493610,2859136209.07776
14,413493611,429795650,3592243215.315381
15,429795651,452065877,3428720009.7953773
16,452065878,520775353,3194286316.6251807
17,520775354,542409074,3986292382.540204
18,542409075,673749982,3825655334.7174487
19,673749983,711487240,4062476833.77492
20,711487241,733905057,3666009855.517312
21,733905058,776575382,3879869335.4489975
22,776575383,847977567,3630997344.328988
23,847977568,923554638,3835732843.3382
24,923554639,935152893,4084361622.697749
25,935152894,949166304,3980501504.02681
26,949166305,1026398040,3680036277.456611
27,1026398041,1069011740,3737288012.116196
28,1069011741,1102263218,3712495434.396038
29,1102263219,1205355338,3830056816.292465
30,1205355339,1288099462,3661140904.4738407
31,1288099463,1392098074,3772163691.88695
32,1392098075,1551515755,3685453061.4335847
33,1551515756,1602887483,3616388368.2416086
34,1602887484,1731223601,3856839743.3082714
35,1731223602,1749331738,3611671064.277697
36,1749331739,1792805299,3396186487.310519
37,1792805300,1814701548,3782695288.311715
38,1814701549,1927903120,3998176116.5362177
39,1927903121,1967899116,3540414347.511444
40,1967899117,2152578972,3659626862.76997
41,2152578973,2154874199,3151296581.134299
