1,1,24022328,2148022064.083671
2,24022329,30265094,2493943520.0172486
3,30265095,39694724,3008351247.202283
4,39694725,80668864,4874854709.671725
5,80668865,86439084,5274050690.649541
6,86439085,98308592,5655164692.708781
7,98308593,174156639,6429649282.047847
8,174156640,189441524,5768353542.968215
9,189441525,209599764,4417550979.181999
10,209599765,275280995,4199256692.420283
11,275280996,316284242,4140437636.136475
12,316284243,385363976,3658461353.160287
13,385363977,386207992,2399032103.8756227
14,386207993,387213347,1206613611.5106914
15,387213348,387633397,383159999.5781603
16,387633398,451366521,231953430.44132254
17,451366522,502832800,318582703.0548768
18,502832801,508757934,736219695.5120889
19,508757935,513965218,1187458226.0771046
20,513965219,521967533,1620193270.578815
21,521967534,531055055,2409045492.8811965
22,531055056,1264971333,2965207129.7681456
23,1264971334,1266065054,2445325623.6501393
24,1266065055,1266695791,1957307458.3033895
25,1266695792,1267452194,1293328322.9056478
26,1267452195,1268272282,768526443.6360313
27,1268272283,1320167185,352901760.63906306
28,1320167186,1331670018,934222569.6793723
29,1331670019,1343156219,1956918866.8082442
30,1343156220,1352021659,2959045906.2463193
31,1352021660,1359441978,3658951131.0521502
32,1359441979,1365462937,4190607097.0606046
33,1365462938,1372987894,4825450982.718986
34,1372987895,2008628705,5155589796.240646
35,2008628706,2008966164,5195332593.926907
36,2008966165,2009444954,4527065448.452374
37,2009444955,2009963031,3885863650.8109136
38,2009963032,2010482886,3055155193.7358136
39,2010482887,2011356377,1859503043.7088578
40,2011356378,2011858958,949708297.2406318
41,2011858959,2059162946,231296740.7969469
