1,1,26914162,2252313383.2498636
2,26914163,31940236,2718300289.514065
3,31940237,38814784,3265856872.9252677
4,38814785,61716410,5320815054.144498
5,61716411,83674020,4514433813.012696
6,83674021,91663112,5145878640.339722
7,91663113,126759904,6107125641.554058
8,126759905,173966699,6562978640.899008
9,173966700,189621570,5690581157.524782
10,189621571,206712410,4692874552.073316
11,206712411,285717054,4274136514.781729
12,285717055,387096006,3836563463.213321
13,387096007,394960083,2984057150.8444433
14,394960084,402493450,2316881628.1144032
15,402493451,447907283,1860503864.0095336
16,447907284,488712362,1313090809.8583379
17,488712363,499792968,1614808272.610636
18,499792969,517267980,2530612317.095942
19,517267981,531300032,3453680348.983597
20,531300033,538767021,4073946392.048907
21,538767022,546961700,4547017099.218328
22,546961701,753164636,5210919868.231092
23,753164637,1265053500,5128869822.048287
24,1265053501,1269139444,4523927336.070384
25,1269139445,1274919163,3536558931.3685946
26,1274919164,1279003447,2732662247.6197734
27,1279003448,1281587785,2169381852.103703
28,1281587786,1318889802,1833466389.3105447
29,1318889803,1327769189,2293698374.797796
30,1327769190,1334850448,2845538809.6269293
31,1334850449,1341780507,3346151378.5715966
32,1341780508,1354091700,3937333580.7033343
33,1354091701,1371508730,5100255829.306931
34,1371508731,1630072553,6035124546.373453
35,1630072554,2007796632,5776547372.203206
36,2007796633,2010653347,5291690138.901762
37,2010653348,2013627187,4753765956.290666
38,2013627188,2020488537,3211194754.713809
39,2020488538,2024639060,2233497987.8687825
40,2024639061,2057500658,1716328912.6380072
41,2057500659,2057526868,1283015611.1041672
