1,1,2871965,27758883.460707903
2,2871966,7970437,361615748.43360007
3,7970438,18899590,1310928839.5292757
4,18899591,23312771,1878642697.426665
5,23312772,27261307,2286508018.4023166
6,27261308,39184670,2673772519.12516
7,39184671,62915446,3140909730.087016
8,62915447,101169989,3515340694.451064
9,101169990,140196465,3377743139.0778527
10,140196466,278215394,3089198072.253691
11,278215395,302625808,3359925589.361024
12,302625809,412991989,3168832022.012036
13,412991990,430729668,3509864095.8624563
14,430729669,450969650,3905783296.664338
15,450969651,518977682,3713325417.905732
16,518977683,675747246,3772084116.2309575
17,675747247,716452626,3992831208.765371
18,716452627,734474748,3624185685.969101
19,734474749,775225718,3778127339.0072784
20,775225719,855370312,3526553005.0668325
21,855370313,921537920,3827687215.512586
22,921537921,945755779,3967233803.939403
23,945755780,968598514,3763639793.168361
24,968598515,1007143350,3121141244.7926526
25,1007143351,1102728552,3191562110.1888247
26,1102728553,1137520578,3947956747.282162
27,1137520579,1173944164,3498894097.1425314
28,1173944165,1206840576,3878668901.827869
29,1206840577,1346792035,3224567766.7960143
30,1346792036,1365527546,3926356032.208964
31,1365527547,1545868260,3602600012.687881
32,1545868261,1602776171,3559292454.7120724
33,1602776172,1682876025,3802891130.6161785
34,1682876026,1733780597,3775161560.67335
35,1733780598,1796127328,3387497671.6000185
36,1796127329,1820341107,3806184441.023016
37,1820341108,1927901589,3977291850.826241
38,1927901590,1965901810,3468125567.867083
39,1965901811,2152368865,3666022891.477048
40,2152368866,2154136734,3164934507.548261
41,2154136735,2154935600,2551910036.854276
