1,1,28029782,2321837130.541445
2,28029783,35715426,2815960764.6893315
3,35715427,45298822,3678447095.8963656
4,45298823,81619169,4668766331.92211
5,81619170,90430800,5015157687.471676
6,90430801,125305010,6041863670.327324
7,125305011,173517533,6571060708.887542
8,173517534,186696848,5825169958.940026
9,186696849,208922810,4594117868.424433
10,208922811,286757649,4270214378.262343
11,286757650,385707379,3595045551.631588
12,385707380,386830017,2635904672.1280074
13,386830018,388611560,1162179768.8437922
14,388611561,389032577,514411529.0261201
15,389032578,453351149,367342494.09962726
16,453351150,503836602,514876356.8847551
17,503836603,513361061,1183073567.8716302
18,513361062,524803945,2162863076.8881545
19,524803946,535346088,3162977067.1346087
20,535346089,544202176,3798013677.116952
21,544202177,1264841674,4486172975.625262
22,1264841675,1266733746,3348118976.161811
23,1266733747,1268190330,2147087807.4399788
24,1268190331,1269298900,1434193548.1328273
25,1269298901,1269816658,801645163.5630156
26,1269816659,1317592043,546784872.4220206
27,1317592044,1325794962,996450780.71722
28,1325794963,1331646276,1596242413.0793006
29,1331646277,1338968148,2148441025.604681
30,1338968149,1346393966,2795072250.8607697
31,1346393967,1358944367,3539414265.6882067
32,1358944368,1372758055,4836373679.9011965
33,1372758056,1702734502,5926276456.284526
34,1702734503,2008013982,5960774140.711173
35,2008013983,2008850077,5229597324.969109
36,2008850078,2009681672,4482615820.461669
37,2009681673,2010357925,3863268005.520832
38,2010357926,2011062321,3185313888.2693424
39,2011062322,2012142396,2230988712.483758
40,2012142397,2013333944,1144605653.9871247
41,2013333945,2058367201,354530170.47183305
