1,1,2358335,27778584.534726143
2,2358336,8325786,403668656.1526205
3,8325787,22943199,1630104310.1367805
4,22943200,27407752,2231031693.6908545
5,27407753,39074284,2628625336.921962
6,39074285,64004167,3213267432.054808
7,64004168,101169874,3469785267.2860136
8,101169875,141534952,3375647848.043426
9,141534953,275825511,3134039110.9718
10,275825512,413344191,3196539302.896972
11,413344192,424143345,3580949986.7854104
12,424143346,453450348,3953599328.5735817
13,453450349,492798002,3628995220.926084
14,492798003,666302908,3786841990.340441
15,666302909,708558010,4046858105.221326
16,708558011,735912223,3705527036.590492
17,735912224,775877175,3892266769.5916142
18,775877176,850733698,3481538910.5552626
19,850733699,924405345,3819750936.573223
20,924405346,935282407,4105286853.6209607
21,935282408,966010288,3859628768.8170767
22,966010289,1030978070,3643096053.786276
23,1030978071,1063722564,3706175010.054129
24,1063722565,1101086210,3671828551.177866
25,1101086211,1206897424,3799674803.077168
26,1206897425,1287115219,3668805763.337696
27,1287115220,1305954132,3917581067.117842
28,1305954133,1335635225,3559956719.828113
29,1335635226,1381126365,3892761296.891696
30,1381126366,1545015243,3124262216.655031
31,1545015244,1600853756,3038207868.3064594
32,1600853757,1732727385,3342675261.2956448
33,1732727386,1751375503,3620341294.4327774
34,1751375504,1788393187,3376503142.433839
35,1788393188,1804519249,3707023325.7374463
36,1804519250,1880061960,3937574542.374634
37,1880061961,1919988022,4098553349.2946815
38,1919988023,1929386451,3870200432.750312
39,1929386452,1966836245,3482161677.890756
40,1966836246,2152563440,3648653559.542677
41,2152563441,2154878959,3211644496.245175
