1,1,2543310,27781504.605008237
2,2543311,7557294,438107019.8601007
3,7557295,21025107,1619629505.4396198
4,21025108,25462668,2116707896.7297647
5,25462669,27511930,2464182449.9429026
6,27511931,37741799,2723035624.6770787
7,37741800,62888688,3158778645.5466967
8,62888689,101590111,3537469465.881378
9,101590112,138683342,3391299050.6042347
10,138683343,175373356,3133567329.081101
11,175373357,205433216,3294471115.845131
12,205433217,267527425,3137833266.840084
13,267527426,421832774,3221052302.844069
14,421832775,453609284,3836652493.444777
15,453609285,518710926,3748891805.5643086
16,518710927,676850232,3795192862.818545
17,676850233,710239779,4046921105.051651
18,710239780,735141893,3726307555.8297057
19,735141894,775863384,3881170063.342972
20,775863385,853850636,3589730861.79663
21,853850637,922594765,3835618577.9495153
22,922594766,945026182,3996533813.618967
23,945026183,1099636440,3605221644.0788345
24,1099636441,1144663777,3969715086.167939
25,1144663778,1166713930,3819642131.670754
26,1166713931,1204682481,3990292420.5552254
27,1204682482,1336243199,3588148615.1498656
28,1336243200,1392402605,3884765802.6555047
29,1392402606,1546043034,3672938576.043092
30,1546043035,1602841929,3626492434.182046
31,1602841930,1683799139,3913373368.692305
32,1683799140,1737318341,3791192474.432015
33,1737318342,1788537100,3382433177.675152
34,1788537101,1804976799,3698848883.068322
35,1804976800,1878532235,3963370276.639835
36,1878532236,1920574083,4109730796.445684
37,1920574084,1930138188,3842827485.270555
38,1930138189,1967299319,3527850373.32108
39,1967299320,2152571761,3690204809.987961
40,2152571762,2154140857,3103694502.092172
41,2154140858,2154883039,2817956801.961371
