1,1,26619436,2151211760.134133
2,26619437,33175623,2706018028.3562956
3,33175624,42523325,3359939400.380107
4,42523326,60936866,5571272125.196489
5,60936867,83104552,4533318738.600309
6,83104553,89632329,5166920873.391689
7,89632330,103220736,5771495700.815716
8,103220737,175197712,6450837432.305914
9,175197713,188297613,5728015794.187601
10,188297614,201786257,5010331825.824974
11,201786258,209488487,4581403205.83715
12,209488488,277218303,4349156609.215
13,277218304,306544622,4145844796.674191
14,306544623,386975387,3777430942.148594
15,386975388,392892736,2818733297.904308
16,392892737,396772442,2203536032.682744
17,396772443,399816554,1724161055.0893836
18,399816555,447901944,1510374442.8932602
19,447901945,462606844,1281174400.5762756
20,462606845,504470281,1478480435.240081
21,504470282,518583938,2402618351.6590247
22,518583939,532014384,3380054646.5589657
23,532014385,540903880,4119664783.615304
24,540903881,548714042,4681767126.755943
25,548714043,679901813,5217288289.435527
26,679901814,1266423387,5013281581.451302
27,1266423388,1275028033,3512290777.0175037
28,1275028034,1279038038,2686081010.5620384
29,1279038039,1282025826,2103490484.7333815
30,1282025827,1320307125,1846373263.4979782
31,1320307126,1329183942,2356682981.4369674
32,1329183943,1336388781,2932611411.747352
33,1336388782,1346650151,3448769004.0125995
34,1346650152,1369043267,4517924231.639682
35,1369043268,1667481251,5742947770.162487
36,1667481252,2008511338,5707699328.982062
37,2008511339,2013196801,4800101416.029937
38,2013196802,2019496919,3359459681.408932
39,2019496920,2024421925,2278931091.29461
40,2024421926,2057161436,1848616475.9307828
41,2057161437,2057559304,1260226387.9563203
