1,1,2497033,27750029.36035868
2,2497034,7734917,597583914.2318704
3,7734918,18899881,1419587054.326772
4,18899882,23215997,1857635027.820248
5,23215998,26906718,2247355278.310434
6,26906719,38007307,2623280635.8630533
7,38007308,62465226,3129136794.042533
8,62465227,110744584,3480904678.9085817
9,110744585,140062872,3378713905.380783
10,140062873,278591880,3104729824.1373243
11,278591881,303708786,3400415106.297229
12,303708787,412346476,3175181303.0923824
13,412346477,429258186,3541476470.5841765
14,429258187,450431127,3899526635.37068
15,450431128,520476092,3656179431.461338
16,520476093,561482600,3913429332.015852
17,561482601,673900531,3777695961.643757
18,673900532,710723568,4004748236.857104
19,710723569,802108215,3694250449.47758
20,802108216,856382134,3563935359.5994606
21,856382135,947563010,3807631890.6749744
22,947563011,968975935,3779173455.9589634
23,968975936,1007415824,3447224928.9578366
24,1007415825,1105579451,3610654633.362107
25,1105579452,1137820730,3998512769.46696
26,1137820731,1164984389,3755027034.758506
27,1164984390,1205194149,3935269634.036998
28,1205194150,1247238222,3711454342.861131
29,1247238223,1282612800,3598425201.509008
30,1282612801,1348005606,3708559226.3433466
31,1348005607,1378509799,3820433359.8830166
32,1378509800,1546085001,3599975720.881112
33,1546085002,1602689953,3520680598.546837
34,1602689954,1730796491,3637952847.823031
35,1730796492,1750183036,3575195681.9371448
36,1750183037,1795423547,3392651204.143894
37,1795423548,1819734401,3809736389.636848
38,1819734402,1928725361,3933883390.089288
39,1928725362,1964474033,3059680762.9321346
40,1964474034,2152588231,3056733331.659164
41,2152588232,2154935444,3009586639.171474
