1,1,27918982,2314744498.034791
2,27918983,34721684,2789495463.653838
3,34721685,45742848,3479237008.039595
4,45742849,61989529,5422552887.2419815
5,61989530,83672902,4431946893.083546
6,83672903,89466283,5171116833.856933
7,89466284,123978513,5549743166.110212
8,123978514,177805855,6436019126.119966
9,177805856,188912914,5668510153.107127
10,188912915,207775711,4629306421.874578
11,207775712,277806973,4298954353.499007
12,277806974,388013608,3637165658.464266
13,388013609,391706814,2925096767.124759
14,391706815,395633656,2164023616.135014
15,395633657,398657537,1581516154.4970696
16,398657538,447907970,1358949587.6054144
17,447907971,461551629,1143668147.2031236
18,461551630,500535840,1392186280.6509218
19,500535841,511228452,2060290102.6370795
20,511228453,518567976,2715730436.7268305
21,518567977,529668809,3331815943.8183045
22,529668810,541772964,4118143481.4888964
23,541772965,1266218302,4697467672.7849455
24,1266218303,1271244499,4132275365.223072
25,1271244500,1274193219,3613791197.1292033
26,1274193220,1277175954,3117754843.1631002
27,1277175955,1281833150,2152248283.752862
28,1281833151,1316847615,1841452932.006187
29,1316847616,1336658647,2526316229.5210786
30,1336658648,1352107666,3690558929.1163306
31,1352107667,1361996404,4619029317.216044
32,1361996405,1370746484,5223351575.471378
33,1370746485,1513503577,5739922404.000776
34,1513503578,2009076582,5562218675.326041
35,2009076583,2012326675,4859282835.274023
36,2012326676,2014786898,4360290465.911712
37,2014786899,2017642805,3732402110.403424
38,2017642806,2021553782,2943183465.143126
39,2021553783,2025200579,2101145882.57111
40,2025200580,2057555588,1841886219.4014947
41,2057555589,2057563943,1313005457.4973814
