1,1,1411277,27742171.257539857
2,1411278,7487534,321116081.91262674
3,7487535,23167702,1543958602.9115567
4,23167703,27376472,2252127838.498394
5,27376473,36936394,2668057892.952167
6,36936395,62892047,3160397186.3181105
7,62892048,101759272,3532763057.3047614
8,101759273,140722580,3301229571.3469496
9,140722581,277436037,3108856630.732096
10,277436038,324662239,3132781764.183932
11,324662240,416137115,2774692098.613327
12,416137116,418284613,3589471088.407444
13,418284614,449982905,3885192497.2983446
14,449982906,519293910,3342779505.785598
15,519293911,562072906,3601337998.767565
16,562072907,662303054,3395778955.3273497
17,662303055,703228314,4028181440.935079
18,703228315,737745457,3632724545.654145
19,737745458,773792421,3875090696.831752
20,773792422,853494963,3541915497.570565
21,853494964,918760947,3816948444.774595
22,918760948,938540921,3973769724.3411536
23,938540922,975369954,3725750452.2294993
24,975369955,1008132352,3518454498.815619
25,1008132353,1106715174,3615041120.715123
26,1106715175,1134717112,3929400944.897061
27,1134717113,1165096567,3748289374.6747546
28,1165096568,1205115363,3897771444.57603
29,1205115364,1248678413,3761491106.267406
30,1248678414,1279892418,3626696186.969637
31,1279892419,1346257069,3721689037.942049
32,1346257070,1365265085,3888168962.551857
33,1365265086,1552123132,3597513495.0588937
34,1552123133,1603651989,3540571828.681123
35,1603651990,1683417255,3809062683.562944
36,1683417256,1733327358,3802226306.376728
37,1733327359,1800058430,3404956855.4327564
38,1800058431,1925385289,3918098487.651289
39,1925385290,1962231150,3437186619.561169
40,1962231151,2152391584,3663511339.258349
41,2152391585,2154671725,3256478522.779964
