1,1,25617460,1948672674.9014163
2,25617461,30547947,2615714801.984701
3,30547948,35504234,3044346904.4982505
4,35504235,46753697,3851598642.5611043
5,46753698,60786850,5483856815.664472
6,60786851,82695492,4726238344.093034
7,82695493,89353273,5196382270.996878
8,89353274,142021923,5174233579.034862
9,142021924,178729988,6461619037.373977
10,178729989,199024214,5214268900.841455
11,199024215,209895868,4583054144.452986
12,209895869,287537918,4235146678.574773
13,287537919,387381231,3823347905.254778
14,387381232,397255471,2889398782.097228
15,397255472,403465756,2243817798.6546206
16,403465757,448055978,1780310738.6029117
17,448055979,463561222,1379561577.7910547
18,463561223,491199145,1664289997.1272118
19,491199146,503651335,1814375338.5807483
20,503651336,524156384,2761380985.4302115
21,524156385,542655687,3985505321.2047725
22,542655688,552224649,4943551382.732149
23,552224650,805435073,5538023218.071685
24,805435074,1008722119,5545275988.307615
25,1008722120,1266408408,5054351377.233679
26,1266408409,1272850471,3932114105.2178597
27,1272850472,1276060090,3467251570.5479455
28,1276060091,1279640085,2881149701.005398
29,1279640086,1317415210,1939921835.9809575
30,1317415211,1323446357,2200666900.9747095
31,1323446358,1333122953,2678719970.135711
32,1333122954,1354415567,3827405894.896883
33,1354415568,1374607147,5279507250.017683
34,1374607148,1803930134,4497551106.915083
35,1803930135,2009551438,5145106714.714472
36,2009551439,2019509375,4732322880.363655
37,2019509376,2024398145,4385513659.445209
38,2024398146,2029165290,3723870449.0886784
39,2029165291,2034320493,2703199038.2224345
40,2034320494,2056311838,1865364755.5140374
41,2056311839,2057471837,1296694842.7748802
