1,1,25748760,2325492555.9731574
2,25748761,32164478,2677015382.4170895
3,32164479,41078225,3285131539.0638375
4,41078226,59672532,5237766879.389933
5,59672533,83011903,4854812972.336294
6,83011904,90856573,4840638317.146082
7,90856574,125264427,5644554594.19142
8,125264428,174422311,6582399191.977538
9,174422312,188081614,5805817620.762863
10,188081615,209353016,4423583296.655201
11,209353017,284824015,4281320152.6157885
12,284824016,386772207,3333230486.9525437
13,386772208,391518103,2276952987.3586354
14,391518104,394599281,1248338839.428744
15,394599282,459620165,781789074.7064751
16,459620166,506570863,1256109130.2674341
17,506570864,522329507,2429584457.90497
18,522329508,532089067,3260818994.9217706
19,532089068,551003149,4231991785.2376833
20,551003150,857099050,5308834890.187451
21,857099051,1265249896,5054188534.775957
22,1265249897,1267907867,4369326789.886463
23,1267907868,1269591728,3832874557.145247
24,1269591729,1272406917,3091078329.375665
25,1272406918,1276827993,1985582883.091588
26,1276827994,1317671839,1363951411.3873234
27,1317671840,1331653355,2364427718.7906857
28,1331653356,1344926894,2991260342.2530823
29,1344926895,1358292021,4030119847.3639684
30,1358292022,1365232470,4872885534.15
31,1365232471,1374381075,5445179658.223104
32,1374381076,1636216981,6073653138.887699
33,1636216982,1857495163,6103311430.795585
34,1857495164,2008704517,5808329619.005079
35,2008704518,2010115973,5210765939.155897
36,2010115974,2014224260,4060730026.051859
37,2014224261,2016772963,3130358414.089402
38,2016772964,2018832522,2376918042.159769
39,2018832523,2021083657,1729517077.0169296
40,2021083658,2057663172,1083742003.4177346
41,2057663173,2057671475,904359321.7727002
