1,1,27945781,2290696819.8900356
2,27945782,34104313,2790102279.7103143
3,34104314,44692658,3475594479.1144104
4,44692659,60857961,5081912806.077943
5,60857962,81819979,4635829867.348298
6,81819980,90458529,5101296901.149472
7,90458530,121359341,5665292268.427087
8,121359342,170848436,6568156376.525431
9,170848437,188198913,5753296513.959384
10,188198914,207755762,4701726922.303162
11,207755763,277529061,4303821754.874264
12,277529062,386902427,3610463142.7379375
13,386902428,388938812,2706900060.4415607
14,388938813,391697036,1646404491.9252217
15,391697037,393258335,991458874.4682543
16,393258336,458222407,716115469.7001063
17,458222408,501444800,1072563988.3642124
18,501444801,508625364,1508789942.2564542
19,508625365,517512026,1972513111.2155797
20,517512027,528292096,2696491614.7609453
21,528292097,538092965,3837955803.419993
22,538092966,548431576,4467238425.925701
23,548431577,1265226595,5100372374.801075
24,1265226596,1268421896,4079263502.249473
25,1268421897,1270160133,3350165171.6454263
26,1270160134,1271947341,2777874092.427441
27,1271947342,1273940388,2029416790.6997256
28,1273940389,1314282690,1164794816.127341
29,1314282691,1329792563,1657118604.427939
30,1329792564,1340158992,2550575879.8737497
31,1340158993,1346850596,3255718688.1359444
32,1346850597,1353684569,3790637044.4749103
33,1353684570,1369252876,4560450689.268139
34,1369252877,1606367991,5626738925.938491
35,1606367992,2008345557,5703640860.649466
36,2008345558,2009766286,5106957084.819154
37,2009766287,2011604756,4591157225.900249
38,2011604757,2013492412,3745352945.757309
39,2013492413,2016216661,2752361726.7428985
40,2016216662,2018664143,1703315811.1903188
41,2018664144,2057757014,859380264.6039124
