1,1,2459387,27710522.78873217
2,2459388,8640722,376754687.52131903
3,8640723,19572311,1451172574.1316707
4,19572312,24295568,1936379741.2994523
5,24295569,28976130,2348065599.775546
6,28976131,52421784,2858488156.150919
7,52421785,63263182,3197025759.217081
8,63263183,101680012,3107867418.854469
9,101680013,141591932,2969379275.328295
10,141591933,174637012,2789530704.7386026
11,174637013,204735881,2881418038.213699
12,204735882,289165757,2748025966.224057
13,289165758,302494199,3418529291.465634
14,302494200,421475959,2890959196.162422
15,421475960,452960572,3644020966.2025056
16,452960573,519316354,3351304514.697581
17,519316355,676468570,3769953048.867024
18,676468571,710493869,4035392169.8587193
19,710493870,802026924,3621820431.42959
20,802026925,855607984,3529245125.238565
21,855607985,921919346,3830244917.14121
22,921919347,946215556,3946721567.645422
23,946215557,976598182,3738639702.474961
24,976598183,1006496565,3582303309.2944145
25,1006496566,1100863273,3563658736.620967
26,1100863274,1141199597,3951392159.092865
27,1141199598,1164604848,3773085893.92955
28,1164604849,1205082236,3918814701.60818
29,1205082237,1286591394,3603064831.90736
30,1286591395,1352356067,3768359272.299015
31,1352356068,1363082130,3981661241.036245
32,1363082131,1551468142,3616000634.62163
33,1551468143,1599623452,3571636103.57804
34,1599623453,1728495374,3700657235.840189
35,1728495375,1750481624,3546955056.976469
36,1750481625,1792834095,3348227878.6473546
37,1792834096,1820353412,3784516964.768757
38,1820353413,1928370384,3924058489.887615
39,1928370385,1965732370,3495532949.1975408
40,1965732371,2151989320,3673433444.183857
41,2151989321,2154937243,2903423086.5981774
