1,1,3255113,27770480.31442871
2,3255114,8756730,488535814.20852816
3,8756731,22537316,1583230805.38684
4,22537317,27695577,2211107065.013954
5,27695578,47789101,2708564884.353324
6,47789102,61522025,3145557054.865206
7,61522026,111253246,3459416887.9162683
8,111253247,142188465,3353651666.530424
9,142188466,175294996,3095142049.379284
10,175294997,208682787,3245197485.245808
11,208682788,267841284,3101330834.4876585
12,267841285,412492795,3199808605.013031
13,412492796,425633933,3530718472.149445
14,425633934,452308173,3914792116.747969
15,452308174,520479233,3691962242.0935774
16,520479234,562382523,3883893470.226857
17,562382524,672235727,3750760197.83956
18,672235728,712115326,4004286472.129695
19,712115327,807913408,3675818682.907537
20,807913409,847241455,3556703634.622864
21,847241456,921231969,3804024417.667139
22,921231970,943237171,3929128713.412415
23,943237172,968424166,3790437298.917241
24,968424167,1008032464,3532019738.433995
25,1008032465,1103044965,3659853199.85499
26,1103044966,1136212177,3942222941.1850457
27,1136212178,1167197741,3770485330.415056
28,1167197742,1206144219,3910602021.7561154
29,1206144220,1285560815,3643600175.2012806
30,1285560816,1343795364,3705818343.5545473
31,1343795365,1376312173,3902020252.019247
32,1376312174,1546460360,3601037648.8361244
33,1546460361,1602976922,3537002591.963528
34,1602976923,1730370565,3783185817.158515
35,1730370566,1749594029,3536156987.281508
36,1749594030,1790165785,3335101633.205411
37,1790165786,1812185109,3663340944.1100936
38,1812185110,1928847862,3888406691.947396
39,1928847863,1965674467,3436634786.40051
40,1965674468,2152622358,3158198938.735586
41,2152622359,2154935525,2787834310.8388314
