1,1,1720157,27772866.936164875
2,1720158,8591007,380750435.3783389
3,8591008,21688026,1638343809.7520642
4,21688027,24891806,2117555520.612223
5,24891807,28316389,2434975401.198167
6,28316390,39697582,2779808578.612724
7,39697583,62710022,3198730313.8844166
8,62710023,112194604,3542697085.9237013
9,112194605,142811440,3379529099.541141
10,142811441,176389216,3132591004.393114
11,176389217,206433644,3279601966.708395
12,206433645,270977612,3154351577.1959014
13,270977613,412822118,3221998493.058005
14,412822119,427197861,3595466861.654721
15,427197862,453698264,3967492451.8882766
16,453698265,493800295,3770167402.494769
17,493800296,682851885,3854245908.229204
18,682851886,713677474,4068267763.6944513
19,713677475,734312669,3738007874.118296
20,734312670,776201844,3872928570.10972
21,776201845,852653665,3673610629.089774
22,852653666,921600618,3859682937.901073
23,921600619,949240468,3970931811.365186
24,949240469,1024747422,3660990497.145127
25,1024747423,1071865528,3837661408.66046
26,1071865529,1101742756,3697300843.805778
27,1101742757,1204850960,3869673931.807312
28,1204850961,1286808559,3722000374.525146
29,1286808560,1392384470,3729630553.254872
30,1392384471,1551460268,3697614723.396622
31,1551460269,1600581670,3560148261.2778025
32,1600581671,1729699508,3789873730.611568
33,1729699509,1751742631,3642656722.26916
34,1751742632,1793504884,3390012372.9382405
35,1793504885,1813523361,3795752949.2201896
36,1813523362,1920656237,4000032961.3683863
37,1920656238,1930445846,3837582991.805191
38,1930445847,1967522585,3505822937.868504
39,1967522586,2152549128,3715066131.347424
40,2152549129,2154523854,3153044107.350433
41,2154523855,2154862546,2625991264.3144217
