1,1,26650986,2290198146.655307
2,26650987,30669151,2650729567.1916356
3,30669152,35063248,3067286403.591021
4,35063249,56695047,3280365725.648352
5,56695048,87153171,4131275831.987734
6,87153172,126951699,5846495299.225472
7,126951700,175101692,6519738308.726392
8,175101693,194157130,5422499167.587741
9,194157131,208241455,4685284700.669956
10,208241456,276364103,4303690262.104278
11,276364104,386490853,3701674035.485274
12,386490854,390250259,2275458987.932202
13,390250260,392735214,1380989947.8254979
14,392735215,393494462,863828383.6619335
15,393494463,458284379,716655697.8104577
16,458284380,502154985,1052010782.2399913
17,502154986,512623911,1607424944.0539558
18,512623912,518648868,2265414389.9697356
19,518648869,525297721,2757842934.7566547
20,525297722,537537261,3491871012.603695
21,537537262,548453701,4526832496.073185
22,548453702,830197122,5492103869.576723
23,830197123,1265331590,5127038937.803844
24,1265331591,1268076839,4102171358.8369837
25,1268076840,1271744254,2826406597.796416
26,1271744255,1273694328,2108789103.444431
27,1273694329,1275345863,1549652093.8644724
28,1275345864,1318197129,1135400283.0235395
29,1318197130,1330991471,1956368185.263185
30,1330991472,1348495630,3067916726.250169
31,1348495631,1355618263,3974021745.707007
32,1355618264,1361952839,4544232816.550897
33,1361952840,1372459540,5084077486.994712
34,1372459541,1787367406,5930363706.244205
35,1787367407,2009232637,5675477497.247088
36,2009232638,2011453689,4720141544.177702
37,2011453690,2014896850,3199100925.616851
38,2014896851,2016752471,2644912015.3184485
39,2016752472,2017962637,2032745259.8232145
40,2017962638,2019254004,1416590606.1331255
41,2019254005,2057727109,805491942.9114082
