1,1,1429674,27759179.560973268
2,1429675,7742076,363926846.83328587
3,7742077,21818833,1517962884.9704468
4,21818834,25702388,2137337281.9330263
5,25702389,28859645,2506841061.249586
6,28859646,50097183,2784676266.0363097
7,50097184,64347416,3212955649.067824
8,64347417,105726005,3497181620.638237
9,105726006,140611520,3370183856.041799
10,140611521,278514839,3096605429.7633886
11,278514840,302746310,3352723655.406198
12,302746311,409193020,3203412770.5614758
13,409193021,428923816,3523504589.3460107
14,428923817,450488117,3863623320.925536
15,450488118,519558869,3688345493.380012
16,519558870,675671611,3776661476.0805297
17,675671612,710350220,4007442301.347892
18,710350221,802351954,3662210557.669136
19,802351955,855692384,3523817784.5787787
20,855692385,946166647,3829786591.464441
21,946166648,975133116,3735003187.889818
22,975133117,1006869595,3566018888.619349
23,1006869596,1104776093,3675911145.834755
24,1104776094,1135090024,3972880180.691228
25,1135090025,1164216989,3779186887.4045634
26,1164216990,1204363889,3951547725.5232463
27,1204363890,1250905676,3708455638.223005
28,1250905677,1282054687,3614184719.4273534
29,1282054688,1351508367,3697488115.733392
30,1351508368,1364450232,3983786834.7168064
31,1364450233,1546715560,3627274229.4524217
32,1546715561,1601799138,3548738131.3873434
33,1601799139,1684488309,3745905076.3548846
34,1684488310,1731898165,3753255324.134704
35,1731898166,1751351044,3560398417.979207
36,1751351045,1788221117,3363195156.2447853
37,1788221118,1800839088,3665615021.547922
38,1800839089,1925745955,3896368711.666353
39,1925745956,1962098599,3480513270.096566
40,1962098600,2152393738,3659403896.3159966
41,2152393739,2154847012,3224894360.6506524
