1,1,281202,27748616.18108414
2,281203,8040237,390387875.91628456
3,8040238,22430909,1665248690.4292212
4,22430910,25870193,2192318513.688934
5,25870194,38613141,2544123631.0099616
6,38613142,63247827,3178883412.8840404
7,63247828,102550614,3524065191.16393
8,102550615,140681217,3376933574.049223
9,140681218,173728377,3123127876.634074
10,173728378,205130168,3287752902.7648616
11,205130169,273296997,3142036370.358562
12,273296998,302280829,3390252235.3676176
13,302280830,420726306,3128831226.234883
14,420726307,453441163,3750784310.5710974
15,453441164,519646421,3710433338.562568
16,519646422,676993486,3791162739.487305
17,676993487,715964269,4029931929.9626174
18,715964270,734832696,3560350960.678277
19,734832697,775792659,3899344234.896033
20,775792660,853835796,3511761974.6629333
21,853835797,922347617,3839526647.792853
22,922347618,941657721,4035787543.526018
23,941657722,968783622,3792005346.9704447
24,968783623,1009628865,3593977971.670842
25,1009628866,1100281844,3703768539.969225
26,1100281845,1141458221,3981718812.4469504
27,1141458222,1165511628,3786982810.156546
28,1165511629,1206368652,3923105821.0714936
29,1206368653,1334225661,3649947922.218122
30,1334225662,1381518395,3899560717.16437
31,1381518396,1550098229,3628040622.829968
32,1550098230,1603422351,3491338413.713858
33,1603422352,1684017144,3855226297.062519
34,1684017145,1737404025,3696495515.42304
35,1737404026,1787704759,3392510721.879558
36,1787704760,1804676492,3563425765.438692
37,1804676493,1920084341,3911067163.325411
38,1920084342,1930133598,3906990399.906896
39,1930133599,1964977734,3533246937.47547
40,1964977735,2152569176,3666487005.026373
41,2152569177,2154881487,3015745781.214499
