1,1,531960,27781897.075945973
2,531961,7682557,461635325.7136412
3,7682558,22667622,1644743029.0373204
4,22667623,27116981,2245035510.516138
5,27116982,37567440,2650859594.674066
6,37567441,63844151,3187844079.9791484
7,63844152,100843086,3553071299.350563
8,100843087,138570563,3386101976.55434
9,138570564,170973712,3139498326.22842
10,170973713,205581632,3296523724.547448
11,205581633,269027106,3137450716.026069
12,269027107,413320283,3202293974.3659816
13,413320284,423495191,3669400052.472018
14,423495192,454046692,3936841686.499671
15,454046693,520048386,3686588036.5561833
16,520048387,561705094,3941853663.9547286
17,561705095,676994780,3808229644.8286376
18,676994781,709818699,4064423761.4593887
19,709818700,734610198,3695144940.423263
20,734610199,775933291,3886515666.631055
21,775933292,854162843,3621293896.08055
22,854162844,921534528,3857343232.149108
23,921534529,945165798,4005961945.510082
24,945165799,1032003518,3632117423.210689
25,1032003519,1071594289,3830758981.607629
26,1071594290,1101860326,3701408038.555853
27,1101860327,1205459163,3837677840.2838926
28,1205459164,1336385379,3695360242.87314
29,1336385380,1381370958,3917002381.095429
30,1381370959,1550377630,3651828850.2673264
31,1550377631,1601216331,3598044534.021278
32,1601216332,1729529727,3835429063.697074
33,1729529728,1743249275,3671449265.026921
34,1743249276,1789185042,3360304122.0197988
35,1789185043,1805734264,3695954178.238915
36,1805734265,1880452076,3969850970.501962
37,1880452077,1919971142,4131930370.4707584
38,1919971143,1928937819,3895572749.521066
39,1928937820,1967844211,3597591502.8781714
40,1967844212,2152567702,3675863153.10048
41,2152567703,2154880578,2990125370.633537
