1,1,27164180,2177198298.5246735
2,27164181,33457706,2702079739.6553555
3,33457707,42025313,3688583117.914063
4,42025314,81843457,4558674675.836245
5,81843458,90514890,5196360551.461602
6,90514891,122731367,6012940733.603483
7,122731368,171432423,6428732338.915655
8,171432424,184450596,6008405526.991466
9,184450597,207721953,4525779581.474022
10,207721954,273862321,4283349833.831894
11,273862322,385084847,3991116575.3549204
12,385084848,385367102,3536710503.0894084
13,385367103,385928219,2757890010.5374284
14,385928220,386819062,1709400518.20989
15,386819063,387357464,940171528.9328429
16,387357465,387740660,391394473.14193165
17,387740661,451329030,240906252.7742014
18,451329031,501346126,311490681.3965884
19,501346127,507280192,582587995.6484503
20,507280193,515364405,1106456746.9211583
21,515364406,523733625,1847290142.9139788
22,523733626,529680070,2409658432.922251
23,529680071,1265363976,2893025376.022772
24,1265363977,1266337660,2180930928.785289
25,1266337661,1267377107,1454693746.7155967
26,1267377108,1268019734,937882348.7279168
27,1268019735,1317548263,354426309.90380067
28,1317548264,1328389841,928351399.4627036
29,1328389842,1338545749,1676386730.8051834
30,1338545750,1349861798,2622907286.935391
31,1349861799,1359489093,3487198997.8031154
32,1359489094,1367625017,4251265104.2648416
33,1367625018,1374426155,5012885523.452876
34,1374426156,2008813640,5427638586.131737
35,2008813641,2009513458,4431264045.694
36,2009513459,2009951266,3779961768.7153244
37,2009951267,2010370836,3186050444.482698
38,2010370837,2011058198,2362874679.511763
39,2011058199,2011516327,1668435741.202758
40,2011516328,2012184247,749291447.1861087
41,2012184248,2059180879,236878324.26495376
