1,1,27892985,1963523513.752007
2,27892986,35246244,2791416386.769902
3,35246245,43811318,3760376662.130086
4,43811319,58918122,5269926213.347975
5,58918123,84325693,4582702805.448606
6,84325694,87845963,5191130310.931928
7,87845964,132410290,5889727343.70692
8,132410291,176003172,6518269683.24226
9,176003173,187782820,5337961062.197597
10,187782821,208496402,4613184924.162316
11,208496403,277256794,4310248935.812429
12,277256795,326514560,4102837660.420422
13,326514561,386279625,3588941707.3650465
14,386279626,388345152,2668911292.186948
15,388345153,390148268,1735938786.2636843
16,390148269,391215654,1206799915.9859881
17,391215655,392050977,757641171.8351008
18,392050978,456479403,562880888.1392884
19,456479404,502098793,845722054.6544138
20,502098794,515299115,1332558058.3181818
21,515299116,531531117,2877779275.5988145
22,531531118,544761539,3983397962.846362
23,544761540,553422445,4727782500.68449
24,553422446,1264169062,5178315140.5538025
25,1264169063,1265545694,4968189518.880461
26,1265545695,1266739857,4486764747.41358
27,1266739858,1269039373,3520283122.130671
28,1269039374,1272396987,2022466751.1939871
29,1272396988,1274373787,1124864813.685996
30,1274373788,1319434125,946918360.7462984
31,1319434126,1328191839,1509312515.5267646
32,1328191840,1336070001,2141263377.7708242
33,1336070002,1347389881,2774176635.3477435
34,1347389882,1367406320,4357316151.906495
35,1367406321,1470379758,5760372366.981574
36,1470379759,2008855666,5343324455.3779125
37,2008855667,2012261243,3786285467.215103
38,2012261244,2014649174,2719902291.909757
39,2014649175,2016102899,1912130905.1844182
40,2016102900,2017213631,1324522438.128685
41,2017213632,2057873066,684041893.949692
