1,1,28064408,2298167968.9609537
2,28064409,37258956,2820140615.4694815
3,37258957,77102095,3371621609.075659
4,77102096,85901718,5106454995.280311
5,85901719,91023215,5039060310.349686
6,91023216,108286928,5837028135.731522
7,108286929,174778297,6528012884.926628
8,174778298,199886231,5070646847.32244
9,199886232,208209500,4506385687.048405
10,208209501,276568547,4313783014.898398
11,276568548,385928029,3649439949.993791
12,385928030,389268612,1637512985.2945247
13,389268613,389884632,991502590.2634585
14,389884633,390496132,665131623.2318062
15,390496133,454868544,452652535.1667621
16,454868545,500033388,657535865.049151
17,500033389,518332286,1496476043.2268498
18,518332287,526084210,2396940046.157291
19,526084211,532594292,2962669439.0012145
20,532594293,546190616,3623221721.314645
21,546190617,798366034,5299579575.490156
22,798366035,1264562564,5133315881.813117
23,1264562565,1267941095,3442334162.4945264
24,1267941096,1269381698,2545252940.811045
25,1269381699,1270398702,1978655442.7714982
26,1270398703,1271102877,1576772845.8251336
27,1271102878,1272023514,1101679410.8081534
28,1272023515,1316753449,744470790.3044182
29,1316753450,1333788455,1691980697.2621634
30,1333788456,1343795595,2540457804.914628
31,1343795596,1351884066,3247554235.7479167
32,1351884067,1359211975,3830768548.8427343
33,1359211976,1366780216,4412118540.380494
34,1366780217,1648686960,5950121639.696575
35,1648686961,2008183746,5785845446.506402
36,2008183747,2009711688,4734285494.980106
37,2009711689,2010577701,4207715150.4493294
38,2010577702,2011395263,3674893984.468804
39,2011395264,2012406438,3135921818.8695173
40,2012406439,2013583496,2446701476.2824197
41,2013583497,2058056870,518955729.89399207
