1,1,2540372,27733040.91551395
2,2540373,7601656,334922137.0104037
3,7601657,18623659,1367127647.9420395
4,18623660,22537276,1868719302.634032
5,22537277,26604121,2217193470.483058
6,26604122,38194669,2600329040.431876
7,38194670,63376551,3118834018.608819
8,63376552,101181658,3531950285.075284
9,101181659,141713591,3388485833.254697
10,141713592,281639754,2734092521.4233904
11,281639755,311358779,3365652263.068922
12,311358780,412813946,2738016331.8517666
13,412813947,434176447,3537576801.787446
14,434176448,450902619,3926542397.023336
15,450902620,519645908,3238461152.151693
16,519645909,673985036,3764856433.33973
17,673985037,715736985,3958801346.8743057
18,715736986,735639124,3687864451.155901
19,735639125,775533151,3814782523.676242
20,775533152,857172573,3542440571.0840764
21,857172574,948585026,3821714012.201657
22,948585027,975351014,3709328914.298297
23,975351015,1006596690,3565285186.0645986
24,1006596691,1098547764,3675544645.627021
25,1098547765,1138760620,3891042657.258592
26,1138760621,1165949496,3768651079.131386
27,1165949497,1203591842,3937214898.738414
28,1203591843,1249297748,3746583845.784002
29,1249297749,1285989715,3606158366.356946
30,1285989716,1414482750,3686978953.60134
31,1414482751,1442090577,3596445836.5346007
32,1442090578,1481380206,3771793794.380293
33,1481380207,1559616856,3635970639.161496
34,1559616857,1600065310,3537017974.105557
35,1600065311,1733327662,3742631780.090067
36,1733327663,1796294689,3355620063.0402403
37,1796294690,1820742115,3805620533.186122
38,1820742116,1927660991,3890028879.410472
39,1927660992,1966417854,3470729685.1296053
40,1966417855,2151257446,3642332200.009078
41,2151257447,2154936323,3185186909.481156
