1,1,2542349,27737415.35976281
2,2542350,8307449,471369203.10683787
3,8307450,22314170,1604531323.4928515
4,22314171,26766723,2217342125.749874
5,26766724,38757802,2534331861.5628605
6,38757803,63262900,3120124855.2285767
7,63262901,111404512,3488225210.0291667
8,111404513,141299789,3366346804.941885
9,141299790,277292879,3075977069.3021336
10,277292880,302388115,3374110609.1289
11,302388116,412839680,3185656043.011926
12,412839681,421859515,3511861452.264808
13,421859516,454201761,3872816321.7144833
14,454201762,519021597,3696945002.1183376
15,519021598,676424315,3702405684.091764
16,676424316,716281007,3962926109.7145934
17,716281008,738724823,3685598233.067388
18,738724824,773991090,3880695033.896825
19,773991091,851915928,3520601710.564688
20,851915929,922443803,3826694798.941859
21,922443804,941205953,3962070010.109184
22,941205954,974721951,3721876580.2736073
23,974721952,1006646280,3490175472.670755
24,1006646281,1105609923,3690869446.211047
25,1105609924,1146450615,3959096825.789963
26,1146450616,1165239708,3759013489.98223
27,1165239709,1205329050,3936251784.955143
28,1205329051,1336165989,3648609159.91524
29,1336165990,1376283838,3900301227.078753
30,1376283839,1551441850,3619654501.357529
31,1551441851,1602673887,3549939565.933983
32,1602673888,1684306296,3839753405.5724654
33,1684306297,1734077802,3799362270.295722
34,1734077803,1799658334,3396551415.5671453
35,1799658335,1929092648,3883523038.952194
36,1929092649,1964109384,3413694704.836062
37,1964109385,2043587398,3676223142.577874
38,2043587399,2075221109,3648952525.805324
39,2075221110,2125567698,3840773430.067752
40,2125567699,2152592554,3558783325.543357
41,2152592555,2154898500,3291231119.206261
