1,1,2401057,27674965.6820032
2,2401058,7560841,554233170.5152736
3,7560842,20670754,1540836099.18741
4,20670755,23813056,2021123079.0110185
5,23813057,27867324,2347083032.159628
6,27867325,48338344,2719467586.733176
7,48338345,64117304,3198850461.125273
8,64117305,104869582,3571130097.314668
9,104869583,140234433,3389267560.8274264
10,140234434,173410000,3145974575.707391
11,173410001,204569256,3311306315.2729754
12,204569257,279964824,3149786066.352583
13,279964825,302908805,3398579217.210148
14,302908806,412267592,3197282167.203559
15,412267593,423237377,3602846285.994284
16,423237378,450988669,3970114185.795488
17,450988670,490706831,3705733478.5766063
18,490706832,665671742,3826945205.295789
19,665671743,707356764,4034269554.322678
20,707356765,735844334,3733972583.06142
21,735844335,775859819,3868214771.8529854
22,775859820,853449875,3621192959.569305
23,853449876,922589347,3852166381.218319
24,922589348,946129629,4011228705.235208
25,946129630,1103225168,3608216341.301296
26,1103225169,1136089285,4027764730.739778
27,1136089286,1206702831,3788633222.889733
28,1206702832,1336787022,3596222807.4929223
29,1336787023,1380822126,3890083086.786581
30,1380822127,1547338603,3240252490.684298
31,1547338604,1601729787,3133933893.2659206
32,1601729788,1684912900,3327991983.576493
33,1684912901,1736380680,3429064803.219453
34,1736380681,1788080919,2971090341.868252
35,1788080920,1805636655,3704551784.0549626
36,1805636656,1879017773,3555704901.045714
37,1879017774,1918902508,4131887962.398534
38,1918902509,1929532288,3886756278.4592056
39,1929532289,1966921625,3563202192.8855624
40,1966921626,2152492819,3733446377.7478
41,2152492820,2154872427,2935348528.9954643
