1,1,27265341,2296326600.2566757
2,27265342,34098864,2750590107.7544985
3,34098865,45581682,3430462543.8632526
4,45581683,61926506,5374025323.210604
5,61926507,72505555,4363916200.311575
6,72505556,83962198,4779709023.136536
7,83962199,89770755,5335452102.517642
8,89770756,123210929,5574681744.758459
9,123210930,174794495,5914027310.613451
10,174794496,189843051,5387838511.338056
11,189843052,207091401,4489713118.526299
12,207091402,287232842,4241764780.618358
13,287232843,386288630,3733296288.234923
14,386288631,389769894,2730379764.187444
15,389769895,393074612,1681393925.4989502
16,393074613,394731395,1190258657.3890278
17,394731396,458218731,790236508.1437027
18,458218732,501351771,1196145720.4287548
19,501351772,511519109,1688404281.7905958
20,511519110,527500205,2779812935.0059595
21,527500206,539150124,3651851939.2732677
22,539150125,547904678,4401826607.59426
23,547904679,1265159131,5126656277.896947
24,1265159132,1267055732,4594470148.394382
25,1267055733,1269439787,3935912945.1216364
26,1269439788,1273089735,2937196420.534056
27,1273089736,1275516097,2220065905.55221
28,1275516098,1277785209,1579259314.6930397
29,1277785210,1317506329,1376346240.3141267
30,1317506330,1327368833,1743708509.3794978
31,1327368834,1338174817,2525457348.808234
32,1338174818,1346381119,3252801162.9742
33,1346381120,1355270465,3933840916.144527
34,1355270466,1367409203,4581491523.991978
35,1367409204,2008022634,5533152206.211393
36,2008022635,2009994358,5279901735.73323
37,2009994359,2012139004,4529670546.586861
38,2012139005,2014084136,3843572966.9448247
39,2014084137,2017880615,2805201834.446712
40,2017880616,2020767290,1831699353.325471
41,2020767291,2057703029,945025111.3285172
