1,1,26506625,2267595678.6371465
2,26506626,31477417,2657818649.068709
3,31477418,37871885,3166136449.0516973
4,37871886,46029654,3856639983.9678054
5,46029655,62008469,5315092523.039861
6,62008470,77985709,4468900541.721152
7,77985710,89833877,4919482130.317435
8,89833878,123383387,5618665477.505631
9,123383388,175603982,5966379054.410598
10,175603983,194736632,5347834577.752137
11,194736633,207488635,4548934589.98837
12,207488636,285176771,3883185200.4268193
13,285176772,387768783,3475973281.7502184
14,387768784,396193929,2905213060.7252674
15,396193930,402092476,2320718634.8751535
16,402092477,447902969,1873935958.4393954
17,447902970,453330061,1572143177.8846276
18,453330062,487832917,1077819731.923293
19,487832918,500783395,1545604092.5185566
20,500783396,509727680,1982487465.3241274
21,509727681,523380787,2941054399.09926
22,523380788,531193128,3611509830.426044
23,531193129,539698574,4080986593.4793696
24,539698575,548467447,4580900025.543796
25,548467448,1264833492,5251379360.599514
26,1264833493,1270821357,4158932066.885547
27,1270821358,1276096507,3320931979.7913547
28,1276096508,1278743037,2756259718.7220807
29,1278743038,1281987493,2214353897.369128
30,1281987494,1318285510,1822796534.570509
31,1318285511,1330389341,2296419938.392927
32,1330389342,1345949012,3246318136.0967655
33,1345949013,1364897576,4112448546.3469596
34,1364897577,1500496558,5469213870.53061
35,1500496559,2009023156,5607341011.16491
36,2009023157,2013721525,4581777836.215922
37,2013721526,2018459909,3716419642.6688833
38,2018459910,2021701714,2901739649.3038588
39,2021701715,2025765295,2366430323.820728
40,2025765296,2057501909,1849471596.6755917
41,2057501910,2057532494,1348636089.5111654
