1,1,26932781,2218267523.988956
2,26932782,32049765,2722893666.4441895
3,32049766,38066906,3255908003.330227
4,38066907,48932782,4146243557.280385
5,48932783,60979156,5372282937.530048
6,60979157,80032989,4480026084.853931
7,80032990,84473259,5063708185.047804
8,84473260,90179218,5098252002.877755
9,90179219,124847369,5673829101.248206
10,124847370,174957495,6259604193.327744
11,174957496,188033786,5714154832.483991
12,188033787,206144125,4816149544.196271
13,206144126,276943457,4276327020.918414
14,276943458,387925361,3763966481.409683
15,387925362,394581838,2980288646.5285335
16,394581839,402721997,2352195072.359575
17,402721998,447916868,1825781187.4389865
18,447916869,488224445,1194426896.0075922
19,488224446,499021331,1547642091.7165158
20,499021332,509487963,1925674932.8523593
21,509487964,523101080,2847585150.7122045
22,523101081,533856331,3570197985.240828
23,533856332,545368161,4178710922.703262
24,545368162,1265716237,4687965443.836842
25,1265716238,1270711207,4229521306.957917
26,1270711208,1275536744,3335825715.8959613
27,1275536745,1278882191,2711941129.133137
28,1278882192,1282512859,2122613853.4939387
29,1282512860,1318042972,1847525725.2005937
30,1318042973,1326888515,2184960027.2877874
31,1326888516,1337940135,2798413262.136307
32,1337940136,1362407605,3994032404.924256
33,1362407606,1472997050,5401227322.681125
34,1472997051,2006512521,5855803420.586733
35,2006512522,2012107090,4891192899.4234705
36,2012107091,2017085594,3855763925.3990808
37,2017085595,2020693439,3203406943.575081
38,2020693440,2022812333,2713823140.034265
39,2022812334,2026314207,2131542444.664413
40,2026314208,2057529142,1702465672.7729418
41,2057529143,2057534674,1314309723.176334
