1,1,26687551,2311728512.6796937
2,26687552,31356212,2669021682.8273187
3,31356213,40117953,3138624127.205707
4,40117954,61221568,5186260772.2745905
5,61221569,83024438,4509075395.479991
6,83024439,87857767,5158392668.773141
7,87857768,101951632,5622830095.00423
8,101951633,175588694,6489532468.000637
9,175588695,193715871,5406803301.5507345
10,193715872,207843096,4624426927.858039
11,207843097,286411138,4272639612.072885
12,286411139,387937523,3744827687.656042
13,387937524,393669615,3167244144.692011
14,393669616,402007648,2288798426.7321553
15,402007649,447910564,1803196695.7840786
16,447910565,489816021,1308314344.2338164
17,489816022,499099343,1596494215.8043327
18,499099344,516199626,2261410606.329644
19,516199627,527088053,3078285412.803209
20,527088054,536941410,3842636367.51284
21,536941411,546937772,4466892941.170105
22,546937773,802471219,5447903896.273001
23,802471220,1265929654,5057355684.15161
24,1265929655,1274114399,3695732141.1736927
25,1274114400,1277531954,3057613688.5769577
26,1277531955,1280699624,2402059210.4226737
27,1280699625,1282767921,2028780260.5966628
28,1282767922,1317609411,1849813925.9183078
29,1317609412,1325439154,2179278545.0430813
30,1325439155,1335190182,2810347542.000489
31,1335190183,1345128033,3360029901.6327424
32,1345128034,1367958267,4592368595.889655
33,1367958268,1625133052,5743749571.074736
34,1625133053,2007810178,5732968740.93798
35,2007810179,2010087910,5417046635.072252
36,2010087911,2012429280,4894569791.667784
37,2012429281,2018277898,3657782722.2073255
38,2018277899,2021091310,3022437128.811965
39,2021091311,2024341665,2334008144.950203
40,2024341666,2057526297,1734326256.141999
41,2057526298,2057531130,1268372470.6977563
