1,1,1184510,27753539.489230257
2,1184511,8325791,344950381.8845884
3,8325792,22083042,1595732317.0552723
4,22083043,25589941,2155290590.710845
5,25589942,28662875,2521269609.159406
6,28662876,50845533,2800551924.527438
7,50845534,64096272,3218667042.2527432
8,64096273,114455237,3498005791.6525784
9,114455238,141625342,3395150238.7884407
10,141625343,277811461,3130293689.0174136
11,277811462,413442956,3241440120.6776385
12,413442957,428075059,3585261678.7123723
13,428075060,453104726,3986393415.8108745
14,453104727,493035484,3698471656.721351
15,493035485,668974410,3840762391.769236
16,668974411,713482739,4044177893.9051337
17,713482740,734810377,3656652040.817843
18,734810378,775517318,3429860429.3806934
19,775517319,851842452,3093682319.0830784
20,851842453,924478358,3355876432.0684786
21,924478359,934723760,4101880439.4671226
22,934723761,967022400,3500284296.3931346
23,967022401,1032808637,3177698142.8570366
24,1032808638,1066424070,3837199149.897886
25,1066424071,1101590567,3328613758.440041
26,1101590568,1206050438,3812223269.003268
27,1206050439,1287017061,3705234223.815803
28,1287017062,1484976675,3691013678.7352
29,1484976676,1505297683,3713269587.261459
30,1505297684,1546064083,3801721891.92496
31,1546064084,1599277112,3567729471.3970847
32,1599277113,1730900144,3852457770.864576
33,1730900145,1750221530,3603187846.43406
34,1750221531,1787434786,3377356567.316385
35,1787434787,1813765936,3796108437.9772177
36,1813765937,1883117382,4042448331.558437
37,1883117383,1916374812,4129955183.7584
38,1916374813,1930023426,3904717231.413017
39,1930023427,1966737015,3566034946.1119304
40,1966737016,2152521192,3648948007.880772
41,2152521193,2154861203,3273606335.102188
